0 0.0585888671875 0.15422279792746113 0.036650390625 0.08604490500863558
0 0.09716796875 0.15349740932642486 0.0415673828125 0.09143350604490501
0 0.1392724609375 0.1507167530224525 0.0391845703125 0.08976683937823834
0 0.1798388671875 0.14778065630397236 0.0403369140625 0.08584628670120897
0 0.0453076171875 0.2386442141623489 0.0376708984375 0.0851727115716753
0 0.0118798828125 0.24221070811744388 0.023759765625 0.08547495682210708
0 0.0191845703125 0.4227029360967185 0.0350537109375 0.09734887737478412
0 0.22294921875 0.14493955094991365 0.0430078125 0.08791882556131261
0 0.26556640625 0.1439550949913644 0.043203125 0.08933506044905008
0 0.3082861328125 0.14349740932642485 0.044423828125 0.0913385146804836
0 0.353701171875 0.14462867012089808 0.04279296875 0.09214162348877375
0 0.398046875 0.14793609671848015 0.0425634765625 0.09511226252158894
0 0.44220703125 0.14504317789291885 0.044775390625 0.09297927461139896
0 0.4865869140625 0.14681347150259066 0.0427197265625 0.09651986183074265
0 0.5311279296875 0.14833333333333334 0.044287109375 0.09225388601036269
0 0.5738134765625 0.14996545768566494 0.0446240234375 0.09843696027633851
0 0.6187841796875 0.15348877374784112 0.046220703125 0.09670984455958549
0 0.6640478515625 0.15935233160621762 0.0426318359375 0.09384283246977547
0 0.7066064453125 0.16587219343696027 0.0443701171875 0.09228842832469776
0 0.75015625 0.17018998272884284 0.043125 0.09069084628670121
0 0.7924951171875 0.17682210708117443 0.0435888671875 0.09228842832469776
0 0.8348974609375 0.18221934369602763 0.039228515625 0.08993091537132988
0 0.8749462890625 0.19270293609671849 0.043369140625 0.0933678756476684
0 0.91513671875 0.1990414507772021 0.04201171875 0.09582901554404145
0 0.9542333984375 0.20603626943005182 0.0409521484375 0.09521588946459414
0 0.9868994140625 0.21171848013816924 0.026201171875 0.08468911917098446
0 0.9629443359375 0.29332469775474956 0.0426904296875 0.09021588946459412
0 0.97453125 0.38402417962003454 0.046044921875 0.10221934369602764
0 0.980087890625 0.48118307426597584 0.03982421875 0.10089810017271157
0 0.9871044921875 0.5871070811744387 0.025791015625 0.1068566493955095
0 0.1691357421875 0.23089810017271156 0.0441162109375 0.09001727115716752
0 0.2125830078125 0.23194300518134714 0.0411279296875 0.0907944732297064
0 0.2559130859375 0.23113126079447321 0.04458984375 0.09047495682210707
0 0.301015625 0.23024179620034543 0.044921875 0.09132124352331607
0 0.3456787109375 0.23193436960276337 0.0443603515625 0.0920811744386874
0 0.39296875 0.232720207253886 0.0483203125 0.09234024179620035
0 0.43697265625 0.2332987910189983 0.0464501953125 0.08956822107081175
0 0.481318359375 0.23825561312607943 0.04228515625 0.09422279792746113
0 0.528271484375 0.2376252158894646 0.0463134765625 0.09033678756476683
0 0.5742724609375 0.24105354058721934 0.0447216796875 0.09323834196891191
0 0.619462890625 0.2449568221070812 0.04447265625 0.0918566493955095
0 0.6647802734375 0.24892055267702937 0.045234375 0.09321243523316063
0 0.7094140625 0.25436960276338516 0.0446142578125 0.09227979274611399
0 0.7538818359375 0.2587910189982729 0.0451611328125 0.09324697754749568
0 0.797119140625 0.26423143350604494 0.0439794921875 0.09230569948186529
0 0.842275390625 0.26991364421416236 0.0466357421875 0.0905440414507772
0 0.1572509765625 0.32127806563039724 0.044130859375 0.0955958549222798
0 0.20236328125 0.32155440414507774 0.04703125 0.09479274611398963
0 0.247744140625 0.31973229706390327 0.0451220703125 0.09385146804835924
0 0.2929345703125 0.3209844559585492 0.045888671875 0.09703799654576857
0 0.339580078125 0.32070811744386873 0.04689453125 0.09715889464594128
0 0.38560546875 0.3246891191709845 0.0481884765625 0.10038860103626943
0 0.433603515625 0.32440414507772025 0.0450341796875 0.09981001727115717
0 0.4792431640625 0.32702072538860105 0.0481982421875 0.09812607944732296
0 0.5269384765625 0.32849740932642485 0.046650390625 0.09803972366148532
0 0.572890625 0.3330397236614853 0.0456298828125 0.09698618307426597
0 0.6202392578125 0.3356476683937824 0.0485546875 0.0981433506044905
0 0.666943359375 0.3423747841105354 0.0490380859375 0.10246977547495682
0 0.71203125 0.3468134715025907 0.04572265625 0.1001727115716753
0 0.75724609375 0.3532642487046632 0.046669921875 0.10192573402417962
0 0.80126953125 0.35756476683937827 0.0469580078125 0.10038860103626943
0 0.8473681640625 0.36350604490500865 0.048525390625 0.09968911917098446
0 0.14705078125 0.41822970639032814 0.0437744140625 0.10209844559585493
0 0.1363427734375 0.5217012089810017 0.0461279296875 0.10671848013816926
0 0.1927734375 0.4156649395509499 0.04607421875 0.10221934369602764
0 0.1826953125 0.5251381692573402 0.0459765625 0.11509499136442142
0 0.22818359375 0.5219948186528498 0.048564453125 0.11125215889464596
0 0.238173828125 0.4162348877374784 0.0455126953125 0.10597582037996546
0 0.284287109375 0.4147582037996546 0.044892578125 0.10434369602763385
0 0.2725048828125 0.524006908462867 0.04509765625 0.11132987910189981
0 0.33326171875 0.41755613126079444 0.0462744140625 0.10468911917098446
0 0.3259716796875 0.526286701208981 0.04728515625 0.1119516407599309
0 0.374287109375 0.5254145077720207 0.0481005859375 0.11414507772020727
0 0.380166015625 0.41796200345423146 0.0487109375 0.10285837651122626
0 0.42853515625 0.42072538860103625 0.04888671875 0.10970639032815199
0 0.4768603515625 0.42132124352331607 0.051201171875 0.10301381692573403
0 0.5248974609375 0.4271243523316062 0.0499609375 0.10543177892918826
0 0.57349609375 0.4311571675302245 0.046884765625 0.10692573402417961
0 0.6212255859375 0.4352763385146805 0.0480029296875 0.10727979274611399
0 0.6676806640625 0.43949050086355784 0.0488037109375 0.10651122625215889
0 0.71580078125 0.44493955094991366 0.0469921875 0.10953367875647668
0 0.7624365234375 0.45024179620034543 0.0488916015625 0.10700345423143351
0 0.8083984375 0.45637305699481867 0.0464794921875 0.10743523316062176
0 0.8526318359375 0.46300518134715024 0.0458056640625 0.10756476683937824
0 0.5241650390625 0.5336183074265975 0.04890625 0.1103713298791019
0 0.57314453125 0.5388687392055268 0.049892578125 0.11609671848013817
0 0.6231494140625 0.5428238341968912 0.051103515625 0.11349740932642488
0 0.6725537109375 0.5482987910189983 0.0488916015625 0.11262521588946459
0 0.7208447265625 0.5527115716753022 0.0489111328125 0.11356649395509498
0 0.7687548828125 0.558272884283247 0.0496435546875 0.11286701208981001
0 0.8159423828125 0.5632987910189983 0.047451171875 0.1124006908462867
0 0.8612939453125 0.5674697754749568 0.0445654296875 0.11021588946459412
0 0.2176611328125 0.6402072538860104 0.0483154296875 0.1177720207253886
0 0.2670458984375 0.6397236614853195 0.052001953125 0.11812607944732297
0 0.3158447265625 0.6424265975820379 0.0508056640625 0.11958549222797926
0 0.36703125 0.6444991364421416 0.0521533203125 0.12504317789291883
0 0.4187939453125 0.6466925734024179 0.053916015625 0.12811744386873922
0 0.470791015625 0.6480483592400691 0.0516845703125 0.12556131260794473
0 0.52140625 0.6510621761658031 0.0511474609375 0.12372193436960277
0 0.572666015625 0.6554317789291882 0.0511669921875 0.1245768566493955
0 0.6239794921875 0.6584628670120898 0.0512841796875 0.121433506044905
0 0.6740576171875 0.6643609671848014 0.0533837890625 0.12534542314335062
0 0.7248828125 0.6689119170984457 0.0502978515625 0.12263385146804835
0 0.7726025390625 0.6743955094991365 0.0476806640625 0.1257858376511226
0 0.8221923828125 0.678091537132988 0.051044921875 0.12391191709844561
0 0.8706298828125 0.683713298791019 0.05134765625 0.12202072538860105
0 0.8782373046875 0.8107599309153714 0.050966796875 0.12650259067357514
0 0.1055615234375 0.7628151986183075 0.049931640625 0.12914507772020725
0 0.1559033203125 0.7645509499136443 0.05033203125 0.13656303972366146
0 0.205234375 0.7647236614853195 0.0502001953125 0.1382210708117444
0 0.256123046875 0.7676338514680483 0.0509521484375 0.1374697754749568
0 0.3078466796875 0.7711571675302246 0.05412109375 0.1405699481865285
0 0.360576171875 0.7738687392055268 0.0533642578125 0.14075129533678757
0 0.411865234375 0.7746459412780656 0.0526806640625 0.14228842832469776
0 0.4648974609375 0.7793868739205526 0.0525244140625 0.13995682210708116
0 0.5186572265625 0.7823316062176167 0.0560498046875 0.13926597582037997
0 0.57103515625 0.7850345423143351 0.0545849609375 0.1394300518134715
0 0.623173828125 0.7888428324697755 0.05263671875 0.14179620034542315
0 0.6749609375 0.7931174438687392 0.053701171875 0.13983592400690847
0 0.727841796875 0.7983506044905009 0.0532421875 0.13715889464594128
0 0.77779296875 0.8009671848013816 0.0513818359375 0.13712435233160622
0 0.828330078125 0.8056476683937824 0.052177734375 0.13730569948186527