0 0.0572607421875 0.15504317789291883 0.0414990234375 0.09335060449050085
0 0.0986474609375 0.15491364421416234 0.041728515625 0.09646804835924007
0 0.1401806640625 0.15142487046632125 0.0422509765625 0.09958549222797927
0 0.1797607421875 0.14647668393782384 0.0445849609375 0.09306563039723662
0 0.2216650390625 0.14513816925734024 0.04076171875 0.09264248704663212
0 0.264658203125 0.14363557858376513 0.0467431640625 0.09075129533678757
0 0.3089111328125 0.14392055267702936 0.040634765625 0.0901986183074266
0 0.3517626953125 0.14382556131260796 0.0431640625 0.09225388601036269
0 0.3965087890625 0.1443523316062176 0.0443994140625 0.08993955094991365
0 0.4413720703125 0.14389464594127807 0.0458642578125 0.0957685664939551
0 0.4863623046875 0.1458894645941278 0.04314453125 0.09189119170984456
0 0.5298291015625 0.1480656303972366 0.043076171875 0.09399827288428324
0 0.57447265625 0.15037996545768564 0.0453759765625 0.09638169257340241
0 0.6204345703125 0.15591537132987912 0.0426953125 0.09604490500863558
0 0.66416015625 0.15934369602763385 0.04251953125 0.09521588946459414
0 0.7069970703125 0.165 0.0424755859375 0.09193436960276338
0 0.7486962890625 0.17063903281519863 0.042060546875 0.09309153713298791
0 0.7912744140625 0.17637305699481867 0.0440283203125 0.08996545768566494
0 0.8339501953125 0.18258203799654577 0.0392236328125 0.0933937823834197
0 0.8756689453125 0.1935146804835924 0.040751953125 0.09842832469775475
0 0.915107421875 0.2000259067357513 0.0364404296875 0.0946027633851468
0 0.9540234375 0.20607081174438688 0.040625 0.09097582037996545
0 0.987177734375 0.2115544041450777 0.0256494140625 0.08621761658031088
0 0.9629296875 0.2951208981001727 0.043828125 0.09500863557858376
0 0.9732568359375 0.38552677029360966 0.0441650390625 0.10063039723661485
0 0.979716796875 0.4821157167530224 0.0405712890625 0.10291018998272884
0 0.9857470703125 0.58713298791019 0.028505859375 0.1108203799654577
0 0.04509765625 0.24189119170984458 0.04259765625 0.08749568221070811
0 0.0134033203125 0.24071675302245252 0.025615234375 0.08513816925734025
0 0.0193115234375 0.4212089810017271 0.03822265625 0.09822970639032816
0 0.1676513671875 0.23428324697754752 0.04302734375 0.08855785837651123
0 0.2114208984375 0.23272884283246978 0.04591796875 0.09183937823834197
0 0.256572265625 0.2308721934369603 0.042900390625 0.09058721934369603
0 0.3007177734375 0.22984455958549224 0.04365234375 0.09374784110535406
0 0.34576171875 0.23193436960276337 0.044033203125 0.09922279792746115
0 0.3910498046875 0.23050949913644214 0.04634765625 0.09381692573402418
0 0.4373193359375 0.23409326424870466 0.046279296875 0.09841105354058721
0 0.482998046875 0.23409326424870466 0.046484375 0.09458549222797928
0 0.528154296875 0.2375474956822107 0.0470849609375 0.09765112262521589
0 0.574931640625 0.24327288428324695 0.046591796875 0.09759067357512954
0 0.6193408203125 0.24555267702936098 0.0442529296875 0.09575129533678756
0 0.664501953125 0.2503022452504318 0.0470361328125 0.09629533678756477
0 0.708974609375 0.2535924006908463 0.0455517578125 0.09646804835924007
0 0.7540673828125 0.26083765112262525 0.0467578125 0.09433506044905009
0 0.7971826171875 0.2648013816925734 0.0447265625 0.09329879101899828
0 0.8406494140625 0.27182210708117444 0.0433935546875 0.09070811744386874
0 0.1571728515625 0.3218221070811745 0.04396484375 0.0905699481865285
0 0.202216796875 0.32158894645941277 0.0448583984375 0.09510362694300517
0 0.2489111328125 0.3221070811744387 0.0456689453125 0.09613989637305699
0 0.292451171875 0.32055267702936097 0.046953125 0.10001727115716752
0 0.3394189453125 0.321286701208981 0.0454931640625 0.0984887737478411
0 0.3858837890625 0.3225820379965458 0.0452783203125 0.09809153713298792
0 0.4322119140625 0.3245336787564767 0.047626953125 0.09998272884283248
0 0.4793896484375 0.3267530224525043 0.0448828125 0.09743523316062176
0 0.5265234375 0.3295768566493955 0.0448876953125 0.09810017271157168
0 0.57296875 0.33263385146804836 0.0435107421875 0.09622625215889465
0 0.61927734375 0.33711571675302243 0.0463720703125 0.09919689119170985
0 0.666357421875 0.3427720207253886 0.0473876953125 0.09652849740932642
0 0.7131103515625 0.3475993091537133 0.0438134765625 0.10120034542314335
0 0.7571826171875 0.3511571675302245 0.044453125 0.09732297063903282
0 0.8026318359375 0.3574179620034542 0.047294921875 0.09987046632124352
0 0.8464697265625 0.36236614853195165 0.0440966796875 0.10078583765112262
0 0.1464990234375 0.41715025906735753 0.0446728515625 0.10109671848013817
0 0.19220703125 0.418013816925734 0.046611328125 0.10470639032815199
0 0.239296875 0.4166321243523316 0.04443359375 0.10100172711571674
0 0.2854833984375 0.41646804835924006 0.0478515625 0.1053454231433506
0 0.3328369140625 0.4169775474956822 0.04671875 0.1063644214162349
0 0.379501953125 0.4184110535405872 0.0463427734375 0.10549222797927461
0 0.428046875 0.4203972366148532 0.050771484375 0.10572538860103628
0 0.4769580078125 0.42183074265975823 0.0474658203125 0.10577720207253885
0 0.52482421875 0.4279620034542314 0.04841796875 0.10306563039723661
0 0.57314453125 0.4309585492227979 0.04658203125 0.10624352331606218
0 0.6208740234375 0.43487910189982726 0.0493798828125 0.10565630397236614
0 0.6684423828125 0.4387392055267703 0.047626953125 0.1058894645941278
0 0.7160546875 0.4449913644214162 0.0486083984375 0.10995682210708117
0 0.763310546875 0.4513903281519862 0.0478125 0.10964594127806562
0 0.80888671875 0.4562435233160622 0.0447216796875 0.10718480138169258
0 0.8540869140625 0.4632987910189983 0.0498779296875 0.10349740932642487
0 0.134228515625 0.5236269430051813 0.042392578125 0.10807426597582039
0 0.1809375 0.524378238341969 0.0445947265625 0.11238341968911916
0 0.2287255859375 0.5235664939550949 0.04658203125 0.1114594127806563
0 0.2772119140625 0.5239896373056995 0.04916015625 0.10949913644214163
0 0.32671875 0.5260362694300518 0.0490283203125 0.11499136442141623
0 0.3759130859375 0.5265544041450777 0.0474755859375 0.11462003454231433
0 0.5251171875 0.5341191709844559 0.0484326171875 0.11292746113989638
0 0.5746826171875 0.5383506044905009 0.05 0.11157167530224524
0 0.6234423828125 0.541839378238342 0.0483642578125 0.11292746113989638
0 0.6729638671875 0.5469775474956822 0.0498486328125 0.11479274611398964
0 0.7213671875 0.5536096718480139 0.049892578125 0.11332469775474956
0 0.769287109375 0.557832469775475 0.0485595703125 0.10984455958549223
0 0.8167138671875 0.5628842832469776 0.0482275390625 0.10936960276338516
0 0.86326171875 0.5672711571675302 0.0485302734375 0.1118825561312608
0 0.1216748046875 0.6392918825561312 0.0487646484375 0.11993091537132987
0 0.170322265625 0.6379965457685665 0.048583984375 0.12006044905008635
0 0.2192626953125 0.6399913644214162 0.048974609375 0.11998272884283247
0 0.2669287109375 0.6393782383419689 0.04951171875 0.1221502590673575
0 0.316787109375 0.6423402417962004 0.0509814453125 0.12332469775474957
0 0.3682568359375 0.6433678756476684 0.0510546875 0.12129533678756477
0 0.419658203125 0.6440328151986183 0.0513916015625 0.12806563039723662
0 0.47197265625 0.646986183074266 0.050859375 0.12378238341968913
0 0.522646484375 0.6500345423143351 0.0501123046875 0.12240932642487047
0 0.572958984375 0.6545423143350605 0.0498046875 0.12464594127806564
0 0.623662109375 0.6586873920552677 0.0510400390625 0.12411053540587219
0 0.6742822265625 0.6631519861830742 0.052109375 0.12449050086355785
0 0.7244287109375 0.6676597582037996 0.048779296875 0.12373056994818653
0 0.77435546875 0.6722711571675303 0.049228515625 0.12412780656303973
0 0.8230224609375 0.6778842832469776 0.0479248046875 0.1197495682210708
0 0.870859375 0.6831347150259067 0.05111328125 0.12345423143350605
0 0.10708984375 0.7619775474956823 0.0497705078125 0.12530224525043177
0 0.156298828125 0.7646891191709845 0.0485791015625 0.13214162348877376
0 0.2064013671875 0.7653886010362695 0.050380859375 0.13569948186528497
0 0.2565234375 0.7663557858376512 0.051416015625 0.13620034542314335
0 0.3087646484375 0.7703367875647668 0.05142578125 0.13987046632124353
0 0.361513671875 0.771580310880829 0.052451171875 0.14019861830742658
0 0.41357421875 0.7755613126079447 0.0524951171875 0.13884283246977547
0 0.4665234375 0.7777115716753022 0.0531201171875 0.14100172711571676
0 0.51955078125 0.7794300518134716 0.05388671875 0.13798791018998272
0 0.572158203125 0.7853626943005182 0.05138671875 0.13625215889464595
0 0.6245263671875 0.787167530224525 0.052861328125 0.13485319516407598
0 0.676083984375 0.7929879101899827 0.053935546875 0.13646804835924006
0 0.727392578125 0.7961485319516408 0.0516748046875 0.13634715025906735
0 0.7791650390625 0.8006476683937823 0.0519580078125 0.13603626943005181
0 0.828271484375 0.8040414507772021 0.0505615234375 0.13565630397236614
0 0.87927734375 0.8112003454231433 0.0565966796875 0.1363644214162349