0 0.6232763671875 0.5420466321243523 0.050263671875 0.11690846286701209
0 0.7216796875 0.5379965457685665 0.0484033203125 0.0962348877374784
0 0.67138671875 0.531951640759931 0.0479443359375 0.09855785837651122
0 0.62109375 0.41925734024179623 0.048037109375 0.09693436960276339
0 0.52490234375 0.5250431778929189 0.0472412109375 0.09763385146804836
0 0.76318359375 0.43976683937823835 0.04708984375 0.10000863557858376
0 0.57470703125 0.5237478411053541 0.0469970703125 0.09892918825561313
0 0.66796875 0.42400690846286704 0.048125 0.09655440414507772
0 0.623046875 0.6528497409326425 0.0505078125 0.1118307426597582
0 0.7255859375 0.6567357512953368 0.048857421875 0.10508635578583765
0 0.57421875 0.6407599309153713 0.0482177734375 0.10114853195164075
0 0.76953125 0.5436096718480138 0.04708984375 0.09407599309153714
0 0.52001953125 0.6390328151986183 0.0504150390625 0.10335924006908463
0 0.52587890625 0.4117012089810017 0.0459619140625 0.09461139896373057
0 0.81396484375 0.5505181347150259 0.050234375 0.09639896373056994
0 0.288330078125 0.40500863557858374 0.044921875 0.09461139896373057
0 0.572265625 0.41493955094991364 0.0445263671875 0.09186528497409326
0 0.8603515625 0.5513816925734024 0.0474267578125 0.09153713298791019
0 0.82080078125 0.6640759930915371 0.050234375 0.09671848013816926
0 0.7568359375 0.3376511226252159 0.0440087890625 0.0881951640759931
0 0.7724609375 0.6575993091537133 0.048037109375 0.09693436960276339
0 0.71630859375 0.42897236614853196 0.04638671875 0.09671848013816926
0 0.62353515625 0.3238341968911917 0.0445263671875 0.08560449050086355
0 0.712890625 0.3324697754749568 0.04296875 0.08387737478411053
0 0.6748046875 0.6515544041450777 0.0479443359375 0.10432642487046632
0 0.8076171875 0.4438687392055268 0.0472412109375 0.09153713298791019
0 0.471435546875 0.6364421416234888 0.0491357421875 0.1037392055267703
0 0.33544921875 0.40565630397236613 0.044189453125 0.09218480138169258
0 0.869140625 0.6675302245250432 0.0484033203125 0.09639896373056994
0 0.2490234375 0.3078583765112263 0.0435205078125 0.081286701208981
0 0.31787109375 0.6373056994818653 0.0504150390625 0.11993091537132987
0 0.8017578125 0.3454231433506045 0.0462060546875 0.09115716753022453
0 0.83837890625 0.25885146804835923 0.0430322265625 0.0924006908462867
0 0.382080078125 0.405440414507772 0.0440087890625 0.09218480138169258
0 0.8525390625 0.44905008635578586 0.047333984375 0.09288428324697755
0 0.423095703125 0.6329879101899827 0.048125 0.10962003454231434
0 0.3662109375 0.6398963730569949 0.0518505859375 0.12413644214162349
0 0.52978515625 0.22884283246977546 0.04296875 0.08387737478411053
0 0.194365234375 0.4172538860103627 0.0452587890625 0.11328151986183074
0 0.259521484375 0.22010362694300517 0.0431201171875 0.08063903281519862
0 0.26953125 0.6321243523316062 0.0464794921875 0.11798791018998273
0 0.2193603515625 0.6291018998272885 0.04958984375 0.10924006908462867
0 0.348388671875 0.21708117443868738 0.0433642578125 0.0791796200345423
0 0.66455078125 0.24050086355785838 0.04193359375 0.08970639032815199
0 0.393798828125 0.2209671848013817 0.0428759765625 0.08371329879101899
0 0.8447265625 0.3508203799654577 0.0442822265625 0.0860880829015544
0 0.239501953125 0.40954231433506044 0.04638671875 0.11129533678756476
0 0.57421875 0.23272884283246978 0.0435205078125 0.08673575129533678
0 0.2138671875 0.22085492227979275 0.042021484375 0.0823056994818653
0 0.1728515625 0.22279792746113988 0.041689453125 0.08527633851468049
0 0.0320458984375 0.3234024179620035 0.045595703125 0.09153713298791019
0 0.75146484375 0.25107944732297066 0.0442822265625 0.09655440414507772
0 0.97119140625 0.38234024179620035 0.0471484375 0.1070293609671848
0 0.77685546875 0.7986528497409326 0.0530078125 0.13390328151986183
0 0.96337890625 0.29382556131260795 0.0450146484375 0.10842832469775475
0 0.9792919921875 0.483160621761658 0.0414111328125 0.11226252158894647
0 0.045595703125 0.23056994818652848 0.04568359375 0.08970639032815199
0 0.02044921875 0.4166666666666667 0.040771484375 0.09763385146804836
0 0.488037109375 0.1429188255613126 0.0401025390625 0.07961139896373057
0 0.66357421875 0.15436096718480138 0.04248046875 0.07669257340241796
0 0.87939453125 0.8076943005181346 0.0572802734375 0.13012089810017272
0 0.57470703125 0.14550949913644215 0.0413232421875 0.07712435233160622
0 0.87451171875 0.19095854922279792 0.0445263671875 0.09639896373056994
0 0.53076171875 0.14389464594127807 0.04025390625 0.07772020725388601
0 0.70751953125 0.15759930915371329 0.042724609375 0.07599309153713299
0 0.79150390625 0.1716321243523316 0.04296875 0.08036269430051814
0 0.9150390625 0.2033678756476684 0.048037109375 0.10357512953367876
0 0.74951171875 0.16569948186528496 0.042236328125 0.07934369602763384
0 0.466064453125 0.7772020725388601 0.0535888671875 0.13881692573402418
0 0.26806640625 0.13936096718480137 0.0389111328125 0.07961139896373057
0 0.443115234375 0.1378497409326425 0.040771484375 0.07512953367875648
0 0.0591015625 0.15680483592400693 0.0457763671875 0.09585492227979274
0 0.304443359375 0.21502590673575128 0.046630859375 0.07388601036269431
0 0.79443359375 0.25798791018998274 0.0450146484375 0.09018998272884284
0 0.142783203125 0.15415371329879102 0.0429833984375 0.10101899827288428
0 0.953125 0.20758203799654576 0.0431201171875 0.09639896373056994
0 0.2939453125 0.30397236614853196 0.0431201171875 0.08139032815198619
0 0.100966796875 0.15597582037996546 0.037822265625 0.101139896373057
0 0.358642578125 0.7754749568221071 0.0549951171875 0.14572538860103626
0 0.204833984375 0.7681347150259067 0.05490234375 0.13860103626943004
0 0.0235595703125 0.15436096718480138 0.03955078125 0.0822020725388601
0 0.016328125 0.23898963730569947 0.03265625 0.0900259067357513
0 0.1578271484375 0.7670379965457685 0.05126953125 0.1430656303972366
0 0.8349609375 0.17746113989637305 0.0420849609375 0.0822020725388601
0 0.30859375 0.770293609671848 0.0531005859375 0.13708981001727116
0 0.014072265625 0.5246113989637305 0.02814453125 0.10983592400690846
0 0.61962890625 0.1459412780656304 0.041689453125 0.07092400690846286
0 0.353759765625 0.135146804835924 0.0386962890625 0.07599309153713299
0 0.48828125 0.21502590673575128 0.0398583984375 0.08495682210708116
0 0.9857666015625 0.5833333333333334 0.028466796875 0.10962003454231434
0 0.665654296875 0.33877374784110537 0.0455029296875 0.1075993091537133
0 0.9874658203125 0.20775474956822107 0.0250634765625 0.08448186528497409
0 0.1802978515625 0.14867012089810017 0.0399609375 0.10160621761658031