0 0.6679052734375 0.43915371329879105 0.0493359375 0.11212435233160623
0 0.67306640625 0.5414507772020726 0.0477001953125 0.11110535405872193
0 0.57373046875 0.534412780656304 0.04681640625 0.11120898100172712
0 0.72314453125 0.5496027633851468 0.048984375 0.11335924006908464
0 0.76904296875 0.5535578583765112 0.0459619140625 0.11360103626943006
0 0.8087255859375 0.4513903281519862 0.045595703125 0.10211571675302246
0 0.71630859375 0.43574265975820375 0.045595703125 0.10692573402417961
0 0.80126953125 0.34520725388601037 0.0460546875 0.0896027633851468
0 0.814453125 0.5577374784110536 0.048798828125 0.11147668393782384
0 0.240517578125 0.4155267702936097 0.04458984375 0.11532815198618308
0 0.763671875 0.43911917098445596 0.0469091796875 0.0988860103626943
0 0.67529296875 0.6577374784110536 0.048251953125 0.11579447322970639
0 0.7568359375 0.3444818652849741 0.043427734375 0.10207253886010363
0 0.7724609375 0.6708721934369603 0.049443359375 0.11927461139896374
0 0.621865234375 0.4326770293609672 0.047275390625 0.11088946459412781
0 0.52603515625 0.4242314335060449 0.0453515625 0.10857512953367876
0 0.251708984375 0.3119948186528498 0.04416015625 0.09521588946459414
0 0.665712890625 0.3333246977547496 0.043583984375 0.10155440414507771
0 0.86181640625 0.564706390328152 0.0486181640625 0.11031088082901554
0 0.6640625 0.23942141623488775 0.041904296875 0.08565630397236615
0 0.85302734375 0.4584974093264249 0.0462060546875 0.10568221070811744
0 0.712890625 0.33911917098445593 0.0428515625 0.09734024179620035
0 0.52490234375 0.5291796200345423 0.0464794921875 0.10574265975820381
0 0.82177734375 0.6759412780656304 0.048984375 0.12265975820379965
0 0.21484375 0.2219343696027634 0.04220703125 0.08436096718480138
0 0.2942529296875 0.3117616580310881 0.0399755859375 0.09971502590673575
0 0.62353515625 0.3291796200345423 0.0446826171875 0.10233160621761658
0 0.5726513671875 0.42846286701208985 0.0437646484375 0.10787564766839379
0 0.259521484375 0.21967184801381692 0.0432763671875 0.081286701208981
0 0.837890625 0.2603626943005181 0.042607421875 0.08630397236614853
0 0.3486328125 0.21934369602763384 0.043095703125 0.0797754749568221
0 0.623046875 0.5355785837651122 0.04806640625 0.10715889464594128
0 0.57421875 0.6442141623488774 0.048525390625 0.10767702936096718
0 0.471435546875 0.6443350604490501 0.0488916015625 0.12072538860103628
0 0.1942138671875 0.41597582037996544 0.0432763671875 0.11100172711571675
0 0.75244140625 0.25259067357512954 0.0432763671875 0.09424006908462866
0 0.1734619140625 0.22387737478411054 0.0422998046875 0.0866321243523316
0 0.7265625 0.6664594127806563 0.0469091796875 0.12436960276338516
0 0.286865234375 0.4148791018998273 0.043095703125 0.11101899827288428
0 0.8447265625 0.3499568221070812 0.0442529296875 0.08824697754749568
0 0.57470703125 0.22819516407599308 0.04333984375 0.07826424870466321
0 0.529296875 0.22776338514680483 0.0421484375 0.08112262521588946
0 0.217109375 0.638566493955095 0.04779296875 0.12232297063903282
0 0.30419921875 0.2189119170984456 0.0450146484375 0.07810017271157167
0 0.33544921875 0.4141105354058722 0.043916015625 0.10872193436960277
0 0.5205078125 0.6492314335060448 0.0498974609375 0.12080310880829015
0 0.39404296875 0.22171848013816925 0.0435205078125 0.08550086355785838
0 0.488037109375 0.14335060449050085 0.0403466796875 0.081286701208981
0 0.62353515625 0.655440414507772 0.050751953125 0.11507772020725388
0 0.317626953125 0.636873920552677 0.0491650390625 0.11896373056994818
0 0.38232421875 0.41479274611398964 0.0440087890625 0.10861830742659759
0 0.794921875 0.25777202072538863 0.0456884765625 0.09197754749568221
0 0.8690234375 0.680259067357513 0.0486181640625 0.11751295336787566
0 0.7490234375 0.1662348877374784 0.041904296875 0.07961139896373057
0 0.422607421875 0.6427115716753022 0.0477001953125 0.12841968911917098
0 0.53076171875 0.14421416234887738 0.039736328125 0.07859240069084629
0 0.8349609375 0.1784369602763385 0.0421484375 0.08296200345423142
0 0.57470703125 0.14518998272884284 0.0405615234375 0.0770811744386874
0 0.9130859375 0.19948186528497408 0.04416015625 0.09742659758203799
0 0.791015625 0.172279792746114 0.042939453125 0.08063903281519862
0 0.0442919921875 0.23551813471502592 0.043857421875 0.0869516407599309
0 0.1827392578125 0.14389464594127807 0.039677734375 0.08344559585492227
0 0.96337890625 0.2860535405872193 0.0435205078125 0.0983419689119171
0 0.97216796875 0.37931778929188253 0.0449267578125 0.09850604490500862
0 0.6630859375 0.15349740932642486 0.041962890625 0.07535405872193437
0 0.87451171875 0.19170984455958548 0.0450146484375 0.09634715025906736
0 0.031494140625 0.3225388601036269 0.0464794921875 0.09008635578583765
0 0.70751953125 0.15706390328151987 0.04220703125 0.07524179620034542
0 0.36767578125 0.6379188255613126 0.0493505859375 0.1198013816925734
0 0.619140625 0.14756476683937825 0.04095703125 0.07394645941278065
0 0.26953125 0.6321243523316062 0.04611328125 0.11637305699481865
0 0.100791015625 0.15703799654576855 0.039326171875 0.10098445595854923
0 0.140283203125 0.15101036269430052 0.0384375 0.09390328151986183
0 0.352783203125 0.13708981001727116 0.0391259765625 0.0791796200345423
0 0.268310546875 0.13979274611398965 0.0391259765625 0.0797754749568221
0 0.486572265625 0.22646804835924006 0.0383935546875 0.07324697754749568
0 0.0634765625 0.15620034542314334 0.0451708984375 0.093860103626943
0 0.978759765625 0.48272884283246975 0.0420556640625 0.11443005181347149
0 0.953125 0.2086614853195164 0.043583984375 0.09850604490500862
0 0.307861328125 0.7672711571675302 0.0518212890625 0.1284628670120898
0 0.443115234375 0.13838514680483593 0.04041015625 0.07621761658031088
0 0.2059326171875 0.7609240069084628 0.048984375 0.12753022452504317
0 0.77685546875 0.7966062176165803 0.0515185546875 0.1284110535405872
0 0.0204931640625 0.4166666666666667 0.0405615234375 0.10001727115716752
0 0.016357421875 0.23634715025906736 0.03271484375 0.0911139896373057
0 0.0232373046875 0.15349740932642486 0.0389111328125 0.07988773747841106
0 0.8798828125 0.8086183074265976 0.05408203125 0.12813471502590673
0 0.158544921875 0.7621157167530225 0.04806640625 0.13633851468048358
0 0.466796875 0.7789291882556131 0.0539892578125 0.1416321243523316
0 0.013896484375 0.5246113989637305 0.0273681640625 0.10805699481865284
0 0.35908203125 0.7712694300518135 0.0502587890625 0.1443523316062176
0 0.9857958984375 0.582901554404145 0.028408203125 0.1076252158894646
0 0.9848046875 0.21394645941278065 0.030390625 0.09499136442141623