0 0.0198681640625 0.15759067357512954 0.038125 0.083566493955095
0 0.9541015625 0.20941278065630398 0.0428955078125 0.09950777202072539
0 0.0633544921875 0.15684801381692573 0.04515625 0.0944300518134715
0 0.8740234375 0.19203799654576856 0.0445458984375 0.09745250431778929
0 0.0462939453125 0.23164939550949915 0.04515625 0.09059585492227978
0 0.791015625 0.17282383419689118 0.04255859375 0.08202072538860104
0 0.268310546875 0.1395768566493955 0.038564453125 0.07926597582037997
0 0.70751953125 0.15792746113989636 0.04255859375 0.07645941278065631
0 0.66357421875 0.15404145077720208 0.042255859375 0.07645941278065631
0 0.0320458984375 0.3223229706390328 0.0448779296875 0.09195164075993092
0 0.74951171875 0.1668825561312608 0.0414599609375 0.08104490500863558
0 0.57421875 0.14550949913644215 0.0406689453125 0.0770552677029361
0 0.96337890625 0.29015544041450775 0.0440576171875 0.10246977547495682
0 0.48779296875 0.14389464594127807 0.0399072265625 0.08228842832469777
0 0.53076171875 0.14443005181347152 0.0397509765625 0.0779188255613126
0 0.442626953125 0.13881692573402418 0.039599609375 0.07807426597582037
0 0.1729736328125 0.22646804835924006 0.0412158203125 0.08806563039723662
0 0.1021142578125 0.15317789291882555 0.0425 0.09232297063903282
0 0.352783203125 0.13763385146804835 0.0380419921875 0.08001727115716753
0 0.9846923828125 0.21373056994818654 0.02990234375 0.09318652849740933
0 0.2149658203125 0.22236614853195164 0.04255859375 0.08563039723661485
0 0.97119140625 0.3799654576856649 0.0450634765625 0.10193436960276339
0 0.0210400390625 0.4166666666666667 0.04130859375 0.09335060449050085
0 0.9150390625 0.20228842832469776 0.0465283203125 0.10231433506044905
0 0.61962890625 0.14572538860103626 0.041767578125 0.07084628670120899
0 0.8388671875 0.2603626943005181 0.0414599609375 0.09130397236614854
0 0.394287109375 0.22279792746113988 0.0435693359375 0.0872538860103627
0 0.349853515625 0.21967184801381692 0.0428955078125 0.08353195164075994
0 0.83447265625 0.17810880829015543 0.0413720703125 0.08293609671848014
0 0.259033203125 0.22236614853195164 0.0428955078125 0.08341968911917098
0 0.979111328125 0.483160621761658 0.041064453125 0.11391191709844559
0 0.14306640625 0.14864421416234888 0.042255859375 0.0887651122625216
0 0.712890625 0.3434110535405872 0.0425 0.10395509499136442
0 0.249755859375 0.3173575129533679 0.0438134765625 0.10085492227979276
0 0.853095703125 0.46016407599309156 0.04716796875 0.10817789291882556
0 0.75703125 0.34632987910189983 0.0431396484375 0.10677029360967184
0 0.30517578125 0.21708117443868738 0.04619140625 0.07748704663212436
0 0.86205078125 0.5659326424870467 0.046708984375 0.10927461139896373
0 0.86865234375 0.6807081174438687 0.0482373046875 0.12327288428324698
0 0.182373046875 0.14335060449050085 0.039384765625 0.08245250431778929
0 0.84521484375 0.3593782383419689 0.044208984375 0.10442141623488774
0 0.62255859375 0.3289896373056995 0.045673828125 0.09881692573402419
0 0.7164794921875 0.43784974093264245 0.0460986328125 0.1114853195164076
0 0.8074853515625 0.4564853195164076 0.0469873046875 0.10788428324697755
0 0.5751953125 0.23078583765112262 0.0428955078125 0.08908462867012089
0 0.80126953125 0.35415371329879103 0.04515625 0.10671848013816926
0 0.52587890625 0.4213298791018998 0.0447265625 0.11120898100172712
0 0.57275390625 0.4248013816925734 0.043232421875 0.10962003454231434
0 0.335693359375 0.40716753022452506 0.0436279296875 0.09335060449050085
0 0.194580078125 0.40716753022452506 0.0443017578125 0.09373056994818653
0 0.2413330078125 0.40371329879101897 0.0448779296875 0.09783246977547497
0 0.219287109375 0.6381347150259068 0.0482568359375 0.12016407599309155
0 0.6220703125 0.42557858376511226 0.04689453125 0.11424006908462866
0 0.66748046875 0.43187392055267704 0.0475048828125 0.11430915371329879
0 0.82080078125 0.6769170984455959 0.04787109375 0.12248704663212436
0 0.7529296875 0.25302245250431776 0.0433837890625 0.09567357512953369
0 0.382080078125 0.40716753022452506 0.0436279296875 0.09281519861830743
0 0.814453125 0.5603281519861831 0.0498828125 0.11194300518134714
0 0.0140185546875 0.522020725388601 0.02732421875 0.10635578583765112
0 0.76953125 0.5541796200345424 0.0462841796875 0.11454231433506044
0 0.66455078125 0.24050086355785838 0.0421044921875 0.08627806563039724
0 0.525390625 0.5362953367875647 0.046435546875 0.11694300518134713
0 0.28759765625 0.40781519861830745 0.0440576171875 0.09745250431778929
0 0.7216796875 0.548091537132988 0.0475048828125 0.11791018998272884
0 0.8798828125 0.8128583765112262 0.05763671875 0.1390846286701209
0 0.6650390625 0.3351899827288428 0.0434765625 0.10456822107081175
0 0.671943359375 0.5434110535405872 0.0477783203125 0.11105354058721933
0 0.62255859375 0.538454231433506 0.04787109375 0.11758203799654576
0 0.4716796875 0.6477115716753022 0.0479638671875 0.12571675302245253
0 0.77392578125 0.6714939550949914 0.0487841796875 0.11963730569948186
0 0.26953125 0.6321243523316062 0.046435546875 0.116286701208981
0 0.763671875 0.4504490500863558 0.04619140625 0.11220207253886011
0 0.317138671875 0.6355785837651122 0.0485107421875 0.11650259067357513
0 0.5302734375 0.22992227979274613 0.042744140625 0.0872538860103627
0 0.7274169921875 0.6632210708117444 0.0475048828125 0.12089810017271158
0 0.5205078125 0.6521934369602763 0.0493359375 0.12911917098445597
0 0.5732421875 0.6518566493955095 0.047685546875 0.12240069084628671
0 0.420927734375 0.6452763385146805 0.0469873046875 0.12863557858376512
0 0.156396484375 0.7626079447322971 0.049609375 0.12475820379965458
0 0.98578125 0.5846286701208981 0.0277197265625 0.10959412780656304
0 0.36669921875 0.6377374784110535 0.0511376953125 0.11844559585492227
0 0.6237060546875 0.6618134715025906 0.049609375 0.1252504317789292
0 0.57421875 0.5361226252158895 0.0473193359375 0.11766839378238342
0 0.7777099609375 0.8010794473229707 0.0521142578125 0.1377029360967185
0 0.2931640625 0.3157426597582038 0.0414599609375 0.10268566493955095
0 0.79443359375 0.25841968911917096 0.0441455078125 0.08708981001727115
0 0.2055419921875 0.7606563039723662 0.0479638671875 0.12447322970639031
0 0.30810546875 0.7681347150259067 0.051533203125 0.12902417962003454
0 0.46728515625 0.7797927461139896 0.053271484375 0.14370466321243522
0 0.487373046875 0.22454231433506044 0.038408203125 0.08627806563039724
0 0.673828125 0.6631778929188256 0.0472314453125 0.12113126079447324
0 0.35888671875 0.7759067357512953 0.0540966796875 0.14295336787564766
0 0.015546875 0.239853195164076 0.0310888671875 0.09304835924006909