0 0.1062353515625 0.7648704663212436 0.0488916015625 0.13439550949913645
0 0.1552783203125 0.7666493955094991 0.0466650390625 0.13794473229706392
0 0.2047314453125 0.7674525043177893 0.0488671875 0.14274611398963732
0 0.255986328125 0.7687219343696027 0.049248046875 0.14528497409326427
0 0.3585986328125 0.7730656303972366 0.050224609375 0.14917962003454233
0 0.4127978515625 0.7757167530224525 0.05650390625 0.14968048359240071
0 0.4649658203125 0.7767098445595855 0.0515966796875 0.14205526770293608
0 0.5186865234375 0.7849136442141623 0.0522900390625 0.15126943005181345
0 0.570185546875 0.7862262521588946 0.0526171875 0.14491364421416236
0 0.622724609375 0.7882987910189982 0.0529833984375 0.14544905008635578
0 0.67494140625 0.7943177892918826 0.051689453125 0.14914507772020727
0 0.72765625 0.7972797927461139 0.0544384765625 0.14364421416234888
0 0.7775341796875 0.8027892918825561 0.0555859375 0.14746113989637305
0 0.828564453125 0.8061571675302245 0.0488720703125 0.1380224525043178
0 0.8784814453125 0.8124697754749568 0.0511083984375 0.14164939550949915
0 0.2176611328125 0.6389205526770294 0.048544921875 0.12177892918825563
0 0.31857421875 0.641286701208981 0.0485400390625 0.12112262521588946
0 0.3675390625 0.6422279792746114 0.0519287109375 0.1283937823834197
0 0.419140625 0.6440759930915372 0.0524560546875 0.12850604490500864
0 0.4704248046875 0.648013816925734 0.0523486328125 0.12738341968911918
0 0.521181640625 0.6517098445595855 0.0522021484375 0.12936960276338516
0 0.57251953125 0.6538773747841106 0.053212890625 0.12832469775474956
0 0.6238720703125 0.656692573402418 0.0501953125 0.12855785837651124
0 0.6738427734375 0.6614853195164075 0.0505078125 0.12915371329879102
0 0.724677734375 0.6672020725388601 0.052548828125 0.1261139896373057
0 0.775380859375 0.6730397236614853 0.052294921875 0.1254231433506045
0 0.822841796875 0.6777547495682211 0.05064453125 0.1239378238341969
0 0.8719189453125 0.6811917098445597 0.0532421875 0.12362694300518134
0 0.3255712890625 0.5237737478411053 0.04931640625 0.11469775474956821
0 0.3734375 0.5257858376511226 0.0494091796875 0.11375647668393782
0 0.4743017578125 0.5303799654576856 0.0509521484375 0.11864421416234887
0 0.522626953125 0.5329274611398964 0.05 0.11835924006908463
0 0.574375 0.5357253886010362 0.0508251953125 0.12034542314335062
0 0.6226123046875 0.5391364421416235 0.0476708984375 0.11784974093264249
0 0.672353515625 0.5442832469775475 0.0515966796875 0.11410189982728842
0 0.7228564453125 0.5496804835924006 0.050947265625 0.11411053540587218
0 0.770009765625 0.5548013816925734 0.046640625 0.11699481865284973
0 0.817646484375 0.5605094991364422 0.0483837890625 0.11599309153713298
0 0.8633544921875 0.5665975820379966 0.0483056640625 0.1155699481865285
0 0.1456494140625 0.41683937823834194 0.0462939453125 0.10957685664939551
0 0.1916650390625 0.4181692573402418 0.0488720703125 0.11248704663212435
0 0.2389501953125 0.42117443868739207 0.047724609375 0.12138169257340242
0 0.28697265625 0.41857512953367876 0.044296875 0.11618307426597581
0 0.3326171875 0.4171848013816926 0.0481591796875 0.11341105354058723
0 0.38005859375 0.41735751295336787 0.04849609375 0.10655440414507772
0 0.4273681640625 0.41872193436960276 0.0485791015625 0.11259067357512953
0 0.4761962890625 0.4181519861830743 0.051396484375 0.10748704663212436
0 0.5244287109375 0.42386873920552676 0.0485302734375 0.11059585492227979
0 0.572041015625 0.4270639032815199 0.049208984375 0.11158894645941278
0 0.6212060546875 0.4322538860103627 0.0489306640625 0.10398963730569949
0 0.6683984375 0.436321243523316 0.0477490234375 0.11212435233160623
0 0.7168798828125 0.4414248704663213 0.0501708984375 0.11154576856649394
0 0.7628759765625 0.44708981001727116 0.0466015625 0.11389464594127806
0 0.808681640625 0.4539032815198618 0.04671875 0.11132987910189981
0 0.8557568359375 0.459706390328152 0.0524267578125 0.11214162348877375
0 0.20224609375 0.3199222797927461 0.048681640625 0.09852331606217617
0 0.2472998046875 0.31817789291882553 0.046572265625 0.1005699481865285
0 0.2930029296875 0.3213644214162349 0.0472119140625 0.10875647668393783
0 0.340390625 0.3211744386873921 0.04845703125 0.10657167530224525
0 0.38615234375 0.32271157167530223 0.0515380859375 0.10605354058721934
0 0.4333251953125 0.3225302245250432 0.0462548828125 0.10748704663212436
0 0.479765625 0.3259240069084629 0.0486572265625 0.11067357512953367
0 0.5262451171875 0.3285492227979274 0.048095703125 0.11053540587219343
0 0.5737255859375 0.33182210708117443 0.047490234375 0.11347150259067358
0 0.62111328125 0.3362089810017271 0.047724609375 0.11327288428324697
0 0.667841796875 0.34139032815198617 0.046640625 0.10744386873920553
0 0.713662109375 0.3516234887737478 0.048818359375 0.11712435233160622
0 0.75931640625 0.35479274611398964 0.0486376953125 0.11986183074265977
0 0.803818359375 0.3578756476683938 0.048173828125 0.11345423143350604
0 0.84748046875 0.36340241796200345 0.0480712890625 0.10473229706390329
0 0.170517578125 0.23248704663212438 0.0421533203125 0.09280656303972366
0 0.2131689453125 0.23247841105354056 0.044091796875 0.09638169257340241
0 0.2551708984375 0.23307426597582037 0.047548828125 0.0996545768566494
0 0.3004345703125 0.23239205526770296 0.0498681640625 0.10339378238341969
0 0.345537109375 0.23462003454231434 0.0506201171875 0.10785837651122626
0 0.3894921875 0.23498272884283247 0.051103515625 0.10677892918825561
0 0.4378515625 0.23787564766839375 0.0471728515625 0.11145077720207254
0 0.4836083984375 0.23873920552677028 0.047197265625 0.11069084628670121
0 0.5280078125 0.23644214162348878 0.0455126953125 0.10251295336787564
0 0.5725146484375 0.2433160621761658 0.047109375 0.10548359240069086
0 0.6186962890625 0.24211571675302246 0.0469580078125 0.10127806563039723
0 0.66490234375 0.24696891191709847 0.0468603515625 0.09660621761658031
0 0.7101220703125 0.2521502590673575 0.0427587890625 0.09976683937823834
0 0.754677734375 0.2582642487046632 0.0464794921875 0.09761658031088083
0 0.79939453125 0.2623056994818653 0.0423828125 0.09670120898100174
0 0.840791015625 0.2674438687392055 0.04384765625 0.10338514680483592
0 0.179052734375 0.1483937823834197 0.0450732421875 0.09362694300518135
0 0.221298828125 0.14478411053540588 0.045107421875 0.09179620034542314
0 0.2647802734375 0.14516407599309153 0.0456591796875 0.09435233160621762
0 0.3078955078125 0.14386010362694301 0.0418017578125 0.09161485319516408
0 0.352431640625 0.1429447322970639 0.0461083984375 0.0935146804835924
0 0.397294921875 0.14379965457685664 0.0453564453125 0.0970293609671848
0 0.4428271484375 0.14378238341968913 0.042900390625 0.09698618307426597
0 0.4864208984375 0.14555267702936098 0.0426513671875 0.10053540587219344
0 0.530302734375 0.1449740932642487 0.04197265625 0.09758203799654577
0 0.57421875 0.14716753022452503 0.0444140625 0.10015544041450777
0 0.61876953125 0.15335924006908463 0.043037109375 0.09753022452504317
0 0.6626123046875 0.153713298791019 0.0412646484375 0.09706390328151987
0 0.70591796875 0.16135578583765112 0.04349609375 0.0973747841105354
0 0.7491357421875 0.16844559585492228 0.0425048828125 0.09542314335060449
0 0.7930078125 0.17383419689119173 0.040791015625 0.09236614853195163
0 0.83390625 0.18137305699481865 0.043291015625 0.09306563039723662
0 0.8753759765625 0.19317789291882556 0.0398193359375 0.10227979274611398
0 0.915458984375 0.20078583765112262 0.03763671875 0.10311744386873921
0 0.9561279296875 0.2054231433506045 0.0417236328125 0.09620898100172712
0 0.98822265625 0.21115716753022454 0.0235546875 0.08790155440414509
0 0.962490234375 0.29389464594127807 0.0446533203125 0.09696027633851469
0 0.971611328125 0.3830483592400691 0.0462548828125 0.097279792746114
0 0.980302734375 0.48117443868739207 0.0392431640625 0.101139896373057
0 0.9874560546875 0.5860449050086356 0.0250830078125 0.10772020725388601
0 0.01919921875 0.419706390328152 0.0373828125 0.09506908462867013
0 0.0459423828125 0.23983592400690848 0.0357861328125 0.08233160621761658
0 0.0137060546875 0.24385146804835925 0.027412109375 0.08496545768566494
0 0.0196728515625 0.15734887737478412 0.0383251953125 0.08791882556131261
0 0.0599658203125 0.15513816925734025 0.038603515625 0.09273747841105354
0 0.1001123046875 0.15580310880829015 0.038583984375 0.09765112262521589
0 0.1392431640625 0.15286701208981002 0.036533203125 0.09897236614853196