0 0.1067919921875 0.7649222797927461 0.0474951171875 0.13507772020725387
0 0.155263671875 0.7659067357512953 0.0499951171875 0.13801381692573403
0 0.205302734375 0.7664507772020726 0.050205078125 0.13910189982728843
0 0.25607421875 0.7664421416234888 0.0502490234375 0.1371502590673575
0 0.217158203125 0.6393782383419689 0.0511181640625 0.1220552677029361
0 0.3184033203125 0.6430656303972366 0.04736328125 0.12462003454231434
0 0.3680517578125 0.6431088082901555 0.0494970703125 0.12469775474956822
0 0.3596533203125 0.7723229706390329 0.05224609375 0.14220207253886008
0 0.41130859375 0.7741796200345423 0.0513427734375 0.140146804835924
0 0.4197216796875 0.6486787564766839 0.051884765625 0.135846286701209
0 0.4646728515625 0.7770898100172712 0.051142578125 0.14213298791019
0 0.518134765625 0.7811571675302246 0.0527685546875 0.14325561312607943
0 0.57044921875 0.7844559585492228 0.05318359375 0.14055267702936097
0 0.622958984375 0.7876424870466322 0.0529150390625 0.14212435233160622
0 0.6750390625 0.7928497409326425 0.0523193359375 0.1419775474956822
0 0.7271142578125 0.7970725388601037 0.0533447265625 0.14273747841105353
0 0.77939453125 0.8015630397236615 0.051513671875 0.13828151986183074
0 0.82857421875 0.8044818652849741 0.050009765625 0.14123488773747842
0 0.8789599609375 0.8105958549222798 0.0519921875 0.13906735751295335
0 0.4720361328125 0.6485060449050086 0.0512158203125 0.1297495682210708
0 0.522509765625 0.6508981001727115 0.0512060546875 0.12781519861830742
0 0.5725146484375 0.6556822107081174 0.050263671875 0.12681347150259067
0 0.62318359375 0.6596373056994819 0.0511865234375 0.12320379965457684
0 0.67349609375 0.6616666666666667 0.051396484375 0.1263126079447323
0 0.7244677734375 0.6670552677029361 0.0502197265625 0.12634715025906737
0 0.774443359375 0.6719948186528497 0.0497607421875 0.12489637305699482
0 0.8230517578125 0.6771502590673575 0.0514501953125 0.12176165803108809
0 0.872177734375 0.6825906735751296 0.0481982421875 0.12208117443868739
0 0.3265673828125 0.5253195164075993 0.0501171875 0.1156649395509499
0 0.3752294921875 0.5248963730569949 0.0481201171875 0.11579447322970639
0 0.4752197265625 0.5314421416234888 0.0494482421875 0.1135146804835924
0 0.5243408203125 0.5328583765112263 0.048896484375 0.1153972366148532
0 0.574287109375 0.5355094991364422 0.05109375 0.11684801381692574
0 0.6241796875 0.540440414507772 0.0482958984375 0.1161658031088083
0 0.6725146484375 0.545440414507772 0.0510693359375 0.11367875647668392
0 0.7215625 0.5498963730569948 0.04875 0.11486183074265975
0 0.7699365234375 0.5565544041450777 0.0505126953125 0.11382556131260795
0 0.815869140625 0.5627892918825561 0.0463134765625 0.1176511226252159
0 0.864150390625 0.5673488773747841 0.051142578125 0.1133419689119171
0 0.14544921875 0.4175993091537133 0.047197265625 0.10758203799654577
0 0.191953125 0.41817789291882557 0.04576171875 0.10778065630397236
0 0.2392919921875 0.4165284974093264 0.047705078125 0.11023316062176167
0 0.285068359375 0.4162435233160622 0.045283203125 0.11062176165803109
0 0.3321875 0.4162176165803109 0.04724609375 0.11153713298791018
0 0.3797412109375 0.4191018998272884 0.04900390625 0.11154576856649394
0 0.4292236328125 0.41951640759930914 0.0502685546875 0.10949913644214163
0 0.47642578125 0.42187392055267703 0.0458837890625 0.10844559585492228
0 0.5241259765625 0.4250949913644214 0.0473828125 0.10528497409326425
0 0.5723828125 0.4282987910189983 0.0489208984375 0.1097754749568221
0 0.6216748046875 0.4313644214162349 0.0460009765625 0.10727115716753022
0 0.668994140625 0.4379015544041451 0.047822265625 0.10881692573402418
0 0.716103515625 0.4433678756476684 0.04814453125 0.10917962003454232
0 0.7633935546875 0.4485751295336788 0.04828125 0.10808290155440414
0 0.8098681640625 0.4538428324697754 0.0477490234375 0.11264248704663213
0 0.856181640625 0.46013816925734025 0.04876953125 0.1081692573402418
0 0.2026123046875 0.31965457685664944 0.0443017578125 0.09570811744386874
0 0.2466796875 0.32177029360967185 0.0458740234375 0.10183937823834198
0 0.293427734375 0.32263385146804835 0.04498046875 0.10593264248704663
0 0.3391552734375 0.323272884283247 0.0471728515625 0.10721070811744388
0 0.386669921875 0.32131260794473226 0.047626953125 0.1032901554404145
0 0.4333837890625 0.32312607944732297 0.0450390625 0.1035146804835924
0 0.4794140625 0.3257685664939551 0.046865234375 0.10304835924006908
0 0.5273291015625 0.32812607944732297 0.0471630859375 0.10156303972366149
0 0.5739453125 0.3310449050086356 0.0453369140625 0.1027720207253886
0 0.6199609375 0.33476683937823837 0.04568359375 0.10327288428324698
0 0.6677099609375 0.34157167530224525 0.0490234375 0.1079706390328152
0 0.7144140625 0.3447322970639033 0.0435107421875 0.10150259067357513
0 0.7590283203125 0.35235751295336787 0.0454052734375 0.10859240069084629
0 0.8033984375 0.35579447322970637 0.04439453125 0.10227979274611398
0 0.8481396484375 0.36162348877374784 0.04654296875 0.10198618307426598
0 0.170703125 0.23224525043177893 0.0384375 0.0924006908462867
0 0.210537109375 0.2323488773747841 0.0469287109375 0.09347150259067358
0 0.2558544921875 0.2306908462867012 0.0458740234375 0.09803972366148532
0 0.3014599609375 0.2308117443868739 0.0455029296875 0.09652849740932642
0 0.345576171875 0.23061312607944734 0.0431396484375 0.09776338514680483
0 0.3912939453125 0.23360103626943005 0.0454638671875 0.10298791018998274
0 0.4370703125 0.23518134715025904 0.044951171875 0.1070293609671848
0 0.4835107421875 0.23297927461139897 0.04525390625 0.10087219343696027
0 0.5284130859375 0.2348791018998273 0.0434716796875 0.10030224525043178
0 0.574013671875 0.23772884283246978 0.045078125 0.09767702936096719
0 0.619443359375 0.244300518134715 0.0443505859375 0.09418825561312608
0 0.6657861328125 0.24779792746113988 0.04541015625 0.09110535405872193
0 0.7106884765625 0.2540328151986183 0.042685546875 0.09308290155440416
0 0.7547705078125 0.25895509499136443 0.0432275390625 0.09328151986183074
0 0.7990771484375 0.26495682210708116 0.042734375 0.0921502590673575
0 0.8423193359375 0.26984455958549225 0.0430810546875 0.09230569948186529
0 0.17955078125 0.14913644214162347 0.042138671875 0.08253022452504317
0 0.222568359375 0.14533678756476684 0.0431982421875 0.0892573402417962
0 0.26486328125 0.1431951640759931 0.04580078125 0.08622625215889464
0 0.30935546875 0.14464594127806563 0.042255859375 0.08913644214162349
0 0.3524951171875 0.14307426597582037 0.044267578125 0.08786701208981001
0 0.396904296875 0.14381692573402416 0.04318359375 0.0899740932642487
0 0.44283203125 0.14667530224525044 0.043720703125 0.0944300518134715
0 0.486650390625 0.14651986183074264 0.042158203125 0.09350604490500863
0 0.531083984375 0.14753886010362693 0.041474609375 0.0955440414507772
0 0.57455078125 0.15008635578583765 0.044140625 0.08754749568221071
0 0.6188134765625 0.15406735751295336 0.0431103515625 0.09113126079447323
0 0.6634033203125 0.15817789291882556 0.0430908203125 0.09000863557858377
0 0.706005859375 0.1634887737478411 0.0454345703125 0.09688255613126079
0 0.7494873046875 0.1701986183074266 0.0425 0.09221934369602763
0 0.793583984375 0.17924006908462867 0.04572265625 0.09721934369602764
0 0.83587890625 0.18476683937823835 0.0404052734375 0.09267702936096718
0 0.87587890625 0.19183937823834196 0.0407275390625 0.09498272884283246
0 0.916083984375 0.19832469775474956 0.041103515625 0.09360967184801382
0 0.9563671875 0.20533678756476684 0.03884765625 0.09089810017271158
0 0.9624755859375 0.29584628670120894 0.044013671875 0.09540587219343696
0 0.97326171875 0.38402417962003454 0.0432763671875 0.09630397236614853
0 0.980068359375 0.4822711571675303 0.03986328125 0.10382556131260795
0 0.985791015625 0.5871934369602764 0.02841796875 0.11328151986183074
0 0.1379638671875 0.15498272884283246 0.0414501953125 0.09494818652849742
0 0.098779296875 0.15552677029360967 0.0401611328125 0.09602763385146805
0 0.058310546875 0.15495682210708117 0.043349609375 0.08983592400690846
0 0.0188037109375 0.15634715025906737 0.0376025390625 0.08518134715025907
0 0.0463525390625 0.2401986183074266 0.040595703125 0.08870466321243524
0 0.0119580078125 0.24395509499136442 0.0239111328125 0.08937823834196891
0 0.0202587890625 0.4228842832469775 0.03955078125 0.10418825561312609