0 0.019990234375 0.15638169257340243 0.0374658203125 0.08644214162348877
0 0.0584619140625 0.15522452504317788 0.0411474609375 0.09041450777202073
0 0.0990185546875 0.15491364421416234 0.04046875 0.09416234887737479
0 0.0114794921875 0.24147668393782384 0.0229638671875 0.08624352331606218
0 0.045380859375 0.24142487046632125 0.045595703125 0.09057858376511227
0 0.0302783203125 0.3309067357512953 0.0475146484375 0.09735751295336788
0 0.02146484375 0.4245250431778929 0.0429345703125 0.09733160621761658
0 0.1397607421875 0.15240932642487048 0.039150390625 0.09358376511226253
0 0.1792919921875 0.14708981001727117 0.0429345703125 0.08828151986183075
0 0.2654833984375 0.14298791018998275 0.041572265625 0.0855699481865285
0 0.3508740234375 0.14337651122625217 0.0397119140625 0.08791882556131261
0 0.4425830078125 0.14430051813471503 0.04111328125 0.0842573402417962
0 0.4873828125 0.14607081174438688 0.03970703125 0.08859240069084628
0 0.5303369140625 0.14880829015544042 0.0417431640625 0.09012089810017271
0 0.5742822265625 0.15261658031088082 0.0448681640625 0.08983592400690846
0 0.62041015625 0.1550518134715026 0.042548828125 0.08918825561312609
0 0.6632470703125 0.15899827288428325 0.0416845703125 0.08998272884283247
0 0.7074462890625 0.1627720207253886 0.0430810546875 0.0856908462867012
0 0.7500830078125 0.1714853195164076 0.0413671875 0.08891191709844559
0 0.793330078125 0.1805181347150259 0.045390625 0.09729706390328152
0 0.83533203125 0.18635578583765114 0.041884765625 0.09317789291882557
0 0.8756005859375 0.1921070811744387 0.041162109375 0.09520725388601037
0 0.915556640625 0.19969775474956822 0.0407080078125 0.09934369602763386
0 0.955517578125 0.2063126079447323 0.039365234375 0.09045768566493956
0 0.9860009765625 0.20943005181347152 0.027998046875 0.08405008635578584
0 0.962333984375 0.293126079447323 0.0451806640625 0.09532815198618308
0 0.9726318359375 0.38634715025906735 0.043232421875 0.09993091537132988
0 0.9797509765625 0.48095854922279796 0.0405029296875 0.09804835924006909
0 0.9855517578125 0.5846891191709845 0.0288916015625 0.11126079447322972
0 0.013857421875 0.5292659758203799 0.02771484375 0.11137305699481866
0 0.8681640625 0.667098445595855 0.048857421875 0.09547495682210708
0 0.83837890625 0.25841968911917096 0.0431201171875 0.09137305699481865
0 0.86279296875 0.5509499136442142 0.0472412109375 0.09202072538860104
0 0.8525390625 0.4486183074265976 0.04708984375 0.09429188255613126
0 0.84423828125 0.35103626943005184 0.0440966796875 0.08835060449050086
0 0.394287109375 0.22279792746113988 0.04443359375 0.08689982728842832
0 0.173095703125 0.22452504317789293 0.04296875 0.08640759930915372
0 0.349609375 0.22063903281519862 0.044921875 0.08511226252158895
0 0.259521484375 0.22171848013816925 0.0445849609375 0.08479274611398964
0 0.75634765625 0.33786701208981 0.0445263671875 0.09083765112262521
0 0.2139892578125 0.22258203799654577 0.04345703125 0.08575993091537133
0 0.8212890625 0.6623488773747841 0.0498681640625 0.09601899827288428
0 0.29248046875 0.30526770293609673 0.0423291015625 0.08020725388601035
0 0.249267578125 0.30526770293609673 0.0433642578125 0.07934369602763384
0 0.81396484375 0.5509499136442142 0.05072265625 0.09855785837651122
0 0.712890625 0.3322538860103627 0.04345703125 0.08328151986183074
0 0.8076171875 0.442573402417962 0.047880859375 0.09256476683937824
0 0.87841796875 0.8080569948186529 0.053984375 0.12771157167530223
0 0.57470703125 0.23100172711571676 0.044189453125 0.09035405872193436
0 0.52587890625 0.4123488773747841 0.045869140625 0.09429188255613126
0 0.1949462890625 0.40781519861830745 0.045107421875 0.09569084628670121
0 0.5732421875 0.4164507772020725 0.0453515625 0.09321243523316063
0 0.66845703125 0.42400690846286704 0.0474267578125 0.09693436960276339
0 0.303466796875 0.2165371329879102 0.0462939453125 0.07944732297063903
0 0.7518505859375 0.2595336787564767 0.0437646484375 0.09585492227979274
0 0.80078125 0.3447754749568221 0.0465380859375 0.09202072538860104
0 0.71630859375 0.4274611398963731 0.0465380859375 0.0977979274611399
0 0.763671875 0.4417098445595855 0.0479443359375 0.10093264248704663
0 0.52490234375 0.5241796200345423 0.04681640625 0.09515544041450777
0 0.241455078125 0.4011226252158895 0.04611328125 0.09709844559585493
0 0.62060546875 0.4183937823834197 0.0484033203125 0.09963730569948186
0 0.62158203125 0.3223229706390328 0.046630859375 0.08560449050086355
0 0.7685546875 0.5444732297063903 0.0472412109375 0.09515544041450777
0 0.287841796875 0.4063039723661485 0.044921875 0.09709844559585493
0 0.7216796875 0.5392918825561313 0.0484912109375 0.099853195164076
0 0.52978515625 0.22797927461139897 0.0428173828125 0.08721934369602763
0 0.66552734375 0.32728842832469773 0.0440966796875 0.08689982728842832
0 0.335693359375 0.4065198618307427 0.04486328125 0.09429188255613126
0 0.6728515625 0.5297927461139896 0.048125 0.09585492227979274
0 0.62255859375 0.5289291882556131 0.048037109375 0.0977979274611399
0 0.7265625 0.6532815198618307 0.04876953125 0.1001727115716753
0 0.38232421875 0.40716753022452506 0.045439453125 0.09374784110535406
0 0.6650390625 0.24481865284974094 0.0428759765625 0.08452504317789292
0 0.5205078125 0.6403281519861831 0.05072265625 0.1055181347150259
0 0.2193603515625 0.6260794473229706 0.0492236328125 0.10589810017271156
0 0.77880859375 0.7957685664939551 0.0570703125 0.12683937823834196
0 0.67431640625 0.653713298791019 0.0491357421875 0.10805699481865284
0 0.4716796875 0.635146804835924 0.049501953125 0.10335924006908463
0 0.269287109375 0.6316925734024179 0.0460205078125 0.11496545768566493
0 0.623046875 0.6567357512953368 0.05099609375 0.11971502590673574
0 0.7734375 0.6558721934369602 0.048857421875 0.09639896373056994
0 0.317138671875 0.636873920552677 0.0501416015625 0.12208981001727115
0 0.57373046875 0.5259067357512953 0.0482177734375 0.10146804835924007
0 0.422607421875 0.6316925734024179 0.0486767578125 0.10686528497409327
0 0.15771484375 0.7609585492227979 0.0509033203125 0.13493091537132987
0 0.36767578125 0.6295336787564767 0.050322265625 0.1064853195164076
0 0.5732421875 0.6476683937823834 0.0499560546875 0.11518134715025906
0 0.489501953125 0.22279792746113988 0.035888671875 0.081286701208981
0 0.466064453125 0.7780656303972366 0.05490234375 0.14032815198618306
0 0.3603515625 0.7707253886010362 0.0544140625 0.14443005181347152
0 0.204833984375 0.7677029360967185 0.0562451171875 0.14238341968911916
0 0.308349609375 0.7711571675302246 0.0526123046875 0.1380656303972366
0 0.79609375 0.26164939550949917 0.0508447265625 0.09728842832469775