0 0.020087890625 0.15741796200345423 0.0364599609375 0.08361830742659758
0 0.0119384765625 0.24167530224525044 0.023876953125 0.08397236614853194
0 0.044921875 0.23904145077720207 0.040078125 0.08658894645941277
0 0.0576171875 0.1542141623488774 0.0409521484375 0.08641623488773748
0 0.0294580078125 0.328860103626943 0.041826171875 0.09414507772020725
0 0.01873046875 0.4221416234887737 0.0374609375 0.09677029360967185
0 0.0110986328125 0.5244386873920552 0.0221923828125 0.10167530224525043
0 0.0984521484375 0.15453367875647667 0.038681640625 0.08836787564766839
0 0.1388427734375 0.1524956822107081 0.040732421875 0.09216753022452505
0 0.1791162109375 0.1482124352331606 0.042529296875 0.08886010362694301
0 0.2210595703125 0.14582037996545769 0.0424853515625 0.09327288428324698
0 0.265419921875 0.1449481865284974 0.0450390625 0.09283246977547496
0 0.309462890625 0.14392055267702936 0.0425048828125 0.08946459412780655
0 0.35265625 0.14412780656303972 0.0434619140625 0.09381692573402418
0 0.3976611328125 0.14444732297063903 0.045078125 0.09183937823834197
0 0.44212890625 0.1455181347150259 0.044873046875 0.09660621761658031
0 0.4865673828125 0.145993091537133 0.0431298828125 0.098860103626943
0 0.530751953125 0.14728842832469777 0.042353515625 0.09620034542314336
0 0.575283203125 0.14931778929188255 0.04599609375 0.09107081174438687
0 0.618798828125 0.15758203799654577 0.0444189453125 0.09410189982728842
0 0.662861328125 0.16001727115716755 0.0451123046875 0.09407599309153714
0 0.7073486328125 0.16531088082901554 0.04419921875 0.0994041450777202
0 0.750205078125 0.17065630397236614 0.0430029296875 0.09564766839378239
0 0.7926123046875 0.17641623488773747 0.043134765625 0.09664939550949914
0 0.8353076171875 0.18216753022452503 0.040126953125 0.09107944732297064
0 0.8748974609375 0.19291882556131262 0.0390869140625 0.09944732297063903
0 0.9151123046875 0.19877374784110535 0.0400390625 0.09670984455958549
0 0.9559033203125 0.20536269430051815 0.0406494140625 0.08886873920552676
0 0.9876611328125 0.21343696027633852 0.0246826171875 0.09056131260794474
0 0.9631396484375 0.2930397236614853 0.0417529296875 0.09212435233160622
0 0.9734521484375 0.38405008635578586 0.0430615234375 0.09679620034542315
0 0.9802294921875 0.48144214162348875 0.0395361328125 0.10107944732297064
0 0.986357421875 0.585181347150259 0.0272802734375 0.10492227979274611
0 0.1676953125 0.23317789291882554 0.0442041015625 0.0866839378238342
0 0.213818359375 0.2319084628670121 0.043603515625 0.08677029360967185
0 0.25576171875 0.23164075993091537 0.0428076171875 0.09280656303972366
0 0.29984375 0.23018134715025906 0.0440576171875 0.08857512953367876
0 0.1577001953125 0.32045768566493954 0.045009765625 0.0944041450777202
0 0.204013671875 0.31985319516407595 0.0433056640625 0.09057858376511227
0 0.2484619140625 0.32025906735751297 0.0445458984375 0.09269430051813472
0 0.2928125 0.3177115716753023 0.047080078125 0.0994300518134715
0 0.3397021484375 0.3187392055267703 0.04578125 0.09491364421416235
0 0.3456005859375 0.2320293609671848 0.047919921875 0.08833333333333333
0 0.391513671875 0.2328756476683938 0.04615234375 0.09265975820379965
0 0.4368017578125 0.23307426597582037 0.0461083984375 0.09174438687392054
0 0.482666015625 0.23527633851468047 0.04572265625 0.09219343696027635
0 0.5288037109375 0.23664075993091535 0.0443994140625 0.09230569948186529
0 0.5733984375 0.2401986183074266 0.0444580078125 0.09152849740932642
0 0.6186865234375 0.24240069084628668 0.0466357421875 0.09199481865284974
0 0.6640380859375 0.2505267702936097 0.045234375 0.09379101899827288
0 0.709208984375 0.25533678756476685 0.0464404296875 0.09553540587219343
0 0.7540185546875 0.2588860103626943 0.0424560546875 0.0947495682210708
0 0.79669921875 0.2662607944732297 0.0461083984375 0.09505181347150259
0 0.8419677734375 0.2705008635578584 0.0452783203125 0.09433506044905009
0 0.385703125 0.3227720207253886 0.048642578125 0.09772884283246978
0 0.4339306640625 0.32301381692573405 0.04853515625 0.09952504317789292
0 0.4798388671875 0.32602763385146805 0.0475048828125 0.10029360967184801
0 0.525673828125 0.32816925734024177 0.048544921875 0.10194300518134715
0 0.5737060546875 0.3322193436960276 0.0487841796875 0.09560449050086356
0 0.619482421875 0.33414507772020724 0.046748046875 0.0981433506044905
0 0.666884765625 0.3413816925734024 0.04720703125 0.09815198618307426
0 0.7114404296875 0.3466580310880829 0.0479248046875 0.10215025906735752
0 0.757421875 0.35211571675302245 0.0462890625 0.10254749568221071
0 0.801298828125 0.35622625215889464 0.0478759765625 0.10026770293609671
0 0.8481787109375 0.36229706390328154 0.0480419921875 0.1005699481865285
0 0.144599609375 0.4168480138169257 0.0455517578125 0.10063903281519862
0 0.192333984375 0.4151036269430052 0.0466845703125 0.10108808290155441
0 0.2393798828125 0.41374784110535406 0.0471826171875 0.10363557858376511
0 0.2859375 0.41679620034542314 0.0459619140625 0.10316062176165802
0 0.3330517578125 0.4177720207253886 0.0480810546875 0.10379965457685665
0 0.3801416015625 0.4203108808290156 0.047177734375 0.10493955094991364
0 0.4289208984375 0.42023316062176164 0.0481689453125 0.11003454231433506
0 0.478154296875 0.4230310880829016 0.0508154296875 0.10381692573402418
0 0.5250830078125 0.4261658031088083 0.04884765625 0.1048272884283247
0 0.572490234375 0.4299481865284974 0.046357421875 0.10844559585492228
0 0.6202294921875 0.43540587219343696 0.0489794921875 0.10753886010362694
0 0.668955078125 0.4390846286701209 0.0491259765625 0.10438687392055267
0 0.71662109375 0.4470466321243523 0.0478857421875 0.10979274611398963
0 0.76306640625 0.45115716753022456 0.0471826171875 0.10619170984455958
0 0.8087939453125 0.4567962003454232 0.048017578125 0.11221934369602762
0 0.8549951171875 0.46199481865284975 0.0505419921875 0.1068566493955095
0 0.3258154296875 0.5254317789291882 0.049208984375 0.1128756476683938
0 0.218740234375 0.6388687392055267 0.0452685546875 0.117720207253886
0 0.10494140625 0.7625129533678756 0.0516650390625 0.12984455958549224
0 0.1561865234375 0.7646200345423143 0.0479345703125 0.131433506044905
0 0.2059765625 0.7655958549222798 0.0516845703125 0.134706390328152
0 0.2561865234375 0.7664939550949914 0.049599609375 0.13518134715025906
0 0.3186962890625 0.64279792746114 0.0431396484375 0.11639032815198619
0 0.367314453125 0.6429447322970638 0.0534619140625 0.12324697754749568
0 0.360654296875 0.7730051813471502 0.05203125 0.1377029360967185
0 0.413095703125 0.7749654576856649 0.052177734375 0.13899827288428326
0 0.4197216796875 0.6464939550949913 0.0513134765625 0.1264075993091537
0 0.471083984375 0.6482815198618308 0.052275390625 0.12734887737478412
0 0.466259765625 0.7765025906735752 0.0537646484375 0.13550949913644214
0 0.524716796875 0.5340673575129534 0.0496044921875 0.11436960276338515
0 0.521318359375 0.6525215889464594 0.0539501953125 0.1266321243523316
0 0.519443359375 0.7811917098445595 0.0516796875 0.13962003454231434
0 0.5740576171875 0.537461139896373 0.0502294921875 0.11590673575129534
0 0.57486328125 0.6562348877374784 0.052587890625 0.12354922279792746
0 0.5713525390625 0.7842141623488774 0.05076171875 0.14303972366148532
0 0.6230322265625 0.5415371329879102 0.049384765625 0.11880829015544042
0 0.6248193359375 0.6583160621761658 0.050732421875 0.12378238341968913
0 0.623408203125 0.7867616580310881 0.05384765625 0.14157167530224524
0 0.6724755859375 0.5459758203799655 0.0509619140625 0.11454231433506044
0 0.67541015625 0.6635751295336787 0.048662109375 0.12114853195164076
0 0.6760791015625 0.793972366148532 0.0507470703125 0.1402245250431779
0 0.722060546875 0.5534024179620035 0.049853515625 0.11495682210708118
0 0.7248095703125 0.6679965457685665 0.0508935546875 0.12474093264248703
0 0.7271435546875 0.7972538860103627 0.051845703125 0.13759067357512955
0 0.7694970703125 0.5558203799654576 0.046669921875 0.11190846286701209
0 0.81666015625 0.5633506044905009 0.049638671875 0.11251295336787565
0 0.861767578125 0.568747841105354 0.047734375 0.11170120898100172
0 0.77478515625 0.673091537132988 0.0475927734375 0.1231174438687392
0 0.822451171875 0.6771070811744387 0.0500732421875 0.12063039723661485
0 0.8684375 0.684119170984456 0.0469677734375 0.12117443868739206
0 0.7782568359375 0.8021070811744387 0.0493408203125 0.1341623488773748
0 0.8279443359375 0.8071761658031088 0.049912109375 0.13904145077720206
0 0.8799267578125 0.8097582037996546 0.0536083984375 0.1297495682210708