0 0.56998046875 0.7840328151986182 0.052724609375 0.13743523316062176
0 0.62451171875 0.7841105354058722 0.05419921875 0.13082901554404144
0 0.5185546875 0.7772020725388601 0.0544140625 0.133419689119171
0 0.411865234375 0.7715889464594128 0.05154296875 0.1380656303972366
0 0.82568359375 0.7987910189982729 0.0535888671875 0.12867012089810018
0 0.67431640625 0.6588946459412781 0.051943359375 0.1162607944732297
0 0.467041015625 0.7702763385146805 0.0528271484375 0.13112262521588947
0 0.77685546875 0.7944732297063903 0.0531005859375 0.1280224525043178
0 0.72802734375 0.7953367875647669 0.0537109375 0.13557858376511225
0 0.623046875 0.653713298791019 0.0513623046875 0.1153972366148532
0 0.52099609375 0.6429188255613126 0.050322265625 0.10880829015544041
0 0.8203125 0.6679620034542314 0.0499560546875 0.1070293609671848
0 0.57373046875 0.6459412780656304 0.04958984375 0.10880829015544041
0 0.4208984375 0.6321243523316062 0.047607421875 0.10880829015544041
0 0.469970703125 0.6364421416234888 0.050234375 0.11021588946459412
0 0.771484375 0.6653713298791019 0.0506005859375 0.11367012089810016
0 0.72509765625 0.6606217616580311 0.0505078125 0.11690846286701209
0 0.3671875 0.6386010362694301 0.0506005859375 0.12456822107081174
0 0.318115234375 0.6403281519861831 0.05126953125 0.1231692573402418
0 0.8759765625 0.8061312607944733 0.056123046875 0.12521588946459414
0 0.8681640625 0.6714162348877375 0.048310546875 0.10244386873920552
0 0.57421875 0.5250431778929189 0.0467236328125 0.09726252158894645
0 0.6728515625 0.5349740932642487 0.048125 0.09947322970639033
0 0.814453125 0.5505181347150259 0.04931640625 0.09747841105354059
0 0.47607421875 0.41342832469775476 0.0438525390625 0.09170120898100173
0 0.7197265625 0.5384283246977547 0.048857421875 0.09963730569948186
0 0.383056640625 0.40954231433506044 0.048037109375 0.09639896373056994
0 0.525390625 0.5237478411053541 0.0471484375 0.09569084628670121
0 0.7685546875 0.5449050086355786 0.0462060546875 0.09585492227979274
0 0.2420654296875 0.40479274611398963 0.0450146484375 0.09655440414507772
0 0.4287109375 0.41213298791019 0.0464794921875 0.09726252158894645
0 0.623046875 0.5306563039723662 0.0474267578125 0.09693436960276339
0 0.66845703125 0.42875647668393785 0.047880859375 0.09801381692573402
0 0.71630859375 0.4330742659758204 0.046904296875 0.09693436960276339
0 0.62158203125 0.4220639032815199 0.04681640625 0.09186528497409326
0 0.6767578125 0.7895423143350604 0.0511767578125 0.12981001727115715
0 0.287109375 0.40954231433506044 0.0455322265625 0.09569084628670121
0 0.861328125 0.5535405872193437 0.04681640625 0.09342832469775475
0 0.333984375 0.4073834196891192 0.0450146484375 0.09304835924006909
0 0.5732421875 0.41882556131260795 0.044677734375 0.09050949913644214
0 0.763671875 0.43825561312607947 0.0464794921875 0.09639896373056994
0 0.3249951171875 0.5264421416234888 0.0469970703125 0.1143523316062176
0 0.80810546875 0.442573402417962 0.044677734375 0.08970639032815199
0 0.5244140625 0.41925734024179623 0.0459619140625 0.08560449050086355
0 0.2049560546875 0.7677029360967185 0.0537109375 0.13730569948186527
0 0.85205078125 0.45077720207253885 0.046630859375 0.09288428324697755
0 0.196533203125 0.4013385146804836 0.0442822265625 0.09288428324697755
0 0.97119140625 0.38147668393782386 0.0464794921875 0.10244386873920552
0 0.97935546875 0.4840241796200345 0.0412890625 0.11755613126079446
0 0.1070556640625 0.7655440414507773 0.0533154296875 0.1326683937823834
0 0.388427734375 0.3126079447322971 0.0455322265625 0.08452504317789292
0 0.256103515625 0.7681347150259067 0.053896484375 0.13763385146804835
0 0.36083984375 0.7655440414507773 0.0530078125 0.13104490500863558
0 0.7138671875 0.3329015544041451 0.0443408203125 0.09067357512953368
0 0.57373046875 0.3216753022452504 0.0442822265625 0.08949050086355785
0 0.6201171875 0.3281519861830743 0.0465380859375 0.0900259067357513
0 0.75732421875 0.33527633851468047 0.0438525390625 0.09256476683937824
0 0.433837890625 0.3126079447322971 0.0437646484375 0.08354922279792747
0 0.80078125 0.3432642487046632 0.0442822265625 0.08970639032815199
0 0.47900390625 0.31541450777202074 0.0442822265625 0.08436096718480138
0 0.1729736328125 0.22474093264248704 0.0428759765625 0.08625215889464594
0 0.6669921875 0.3281519861830743 0.044677734375 0.0885146804835924
0 0.84521484375 0.35276338514680483 0.043701171875 0.08770293609671848
0 0.340087890625 0.3061312607944732 0.0435205078125 0.08387737478411053
0 0.24853515625 0.307426597582038 0.0433642578125 0.08387737478411053
0 0.83935546875 0.2560449050086356 0.0418408203125 0.08949050086355785
0 0.154296875 0.7681347150259067 0.0541064453125 0.13461139896373056
0 0.39453125 0.22258203799654577 0.043212890625 0.08338514680483593
0 0.9638671875 0.28713298791019 0.044189453125 0.098713298791019
0 0.79638671875 0.25647668393782386 0.0432763671875 0.08625215889464594
0 0.013193359375 0.2392314335060449 0.024755859375 0.08986183074265976
0 0.0464794921875 0.23488773747841105 0.0453515625 0.09115716753022453
0 0.293701171875 0.30505181347150256 0.0428759765625 0.08171848013816925
0 0.91357421875 0.20012953367875647 0.0447705078125 0.099853195164076
0 0.87451171875 0.19441278065630396 0.0450146484375 0.10244386873920552
0 0.52685546875 0.3167098445595855 0.0450146484375 0.08899827288428325
0 0.303955078125 0.22085492227979275 0.04345703125 0.0822020725388601
0 0.75439453125 0.24848877374784112 0.042021484375 0.08436096718480138
0 0.347412109375 0.22279792746113988 0.0447705078125 0.0831174438687392
0 0.20556640625 0.3089378238341969 0.0452587890625 0.08328151986183074
0 0.1485595703125 0.4229274611398964 0.048310546875 0.11107944732297063
0 0.22021484375 0.6351208981001727 0.0451953125 0.12263385146804835
0 0.142333984375 0.1510189982728843 0.0437646484375 0.09547495682210708
0 0.014326171875 0.5228842832469776 0.0286572265625 0.10924006908462867
0 0.020703125 0.42275474956822107 0.04140625 0.10284974093264249
0 0.020498046875 0.15825561312607944 0.03611328125 0.08911053540587219
0 0.058935546875 0.1573747841105354 0.0430029296875 0.098860103626943
0 0.09982421875 0.15512953367875645 0.0368896484375 0.1001208981001727
0 0.18025390625 0.14886873920552676 0.0463134765625 0.0933678756476684
0 0.21236328125 0.22993955094991364 0.042236328125 0.10006908462867012
0 0.2587353515625 0.22919689119170986 0.0452392578125 0.09877374784110535
0 0.2233984375 0.14717616580310883 0.0401171875 0.0908894645941278
0 0.26498046875 0.14354922279792745 0.0430126953125 0.09072538860103627
0 0.3086279296875 0.14322970639032817 0.0420166015625 0.08772884283246977
0 0.351650390625 0.14378238341968913 0.0437841796875 0.08882556131260795
0 0.3989111328125 0.14426597582037998 0.0446533203125 0.08978411053540587
0 0.436728515625 0.23093264248704665 0.0464404296875 0.09531951640759931
0 0.481416015625 0.23123488773747838 0.0453173828125 0.102426597582038
0 0.442607421875 0.14360103626943005 0.0440380859375 0.08717616580310882
0 0.4862744140625 0.14417098445595855 0.0451318359375 0.0883160621761658
0 0.529375 0.14595854922279794 0.0436865234375 0.08689119170984456
0 0.5293603515625 0.23075993091537136 0.046484375 0.08397236614853194
0 0.5749560546875 0.14860967184801382 0.0443701171875 0.0872020725388601
0 0.574482421875 0.22857512953367876 0.0405908203125 0.0846027633851468
0 0.62017578125 0.23964594127806563 0.0457373046875 0.08924006908462867
0 0.618837890625 0.15127806563039725 0.044482421875 0.08752158894645941
0 0.666552734375 0.24335060449050086 0.03953125 0.0916580310880829
0 0.66244140625 0.15913644214162348 0.0426171875 0.08323834196891192
0 0.710712890625 0.2510017271157168 0.044443359375 0.09444732297063904
0 0.70515625 0.16354922279792744 0.04322265625 0.08707253886010363
0 0.7491650390625 0.16842832469775473 0.0421728515625 0.08433506044905008
0 0.7928466796875 0.17635578583765113 0.041884765625 0.08767702936096719
0 0.8334521484375 0.1796545768566494 0.0425146484375 0.08677892918825561
0 0.9551416015625 0.2023316062176166 0.038486328125 0.08711571675302245
0 0.9873876953125 0.21175302245250432 0.025224609375 0.08847150259067357
0 0.9866796875 0.586027633851468 0.026640625 0.10192573402417962