0 0.43798828125 0.5623747841105354 0.0481494140625 0.12590673575129535
0 0.38787109375 0.8353540587219344 0.043349609375 0.1473229706390328
0 0.462578125 0.4379274611398964 0.0465283203125 0.1206476683937824
0 0.51142578125 0.21400690846286702 0.046904296875 0.09547495682210708
0 0.8173828125 0.2817357512953368 0.056337890625 0.11291018998272884
0 0.5400390625 0.10864421416234887 0.0459619140625 0.09855785837651122
0 0.4858935546875 0.5577806563039723 0.0476513671875 0.12600172711571675
0 0.5101904296875 0.4333592400690846 0.047197265625 0.11767702936096719
0 0.83544921875 0.1743350604490501 0.0528271484375 0.11367012089810016
0 0.80126953125 0.4022020725388601 0.0551171875 0.11453367875647669
0 0.4855712890625 0.32308290155440417 0.0457763671875 0.11309153713298792
0 0.416123046875 0.691027633851468 0.048857421875 0.129853195164076
0 0.68212890625 0.8316062176165803 0.0586572265625 0.17012089810017272
0 0.6250830078125 0.5466234887737479 0.050048828125 0.12850604490500864
0 0.7776123046875 0.5367357512953368 0.0546875 0.1346286701208981
0 0.7861328125 0.17498272884283247 0.0517578125 0.10492227979274611
0 0.5546826171875 0.20807426597582038 0.0424853515625 0.10139896373056995
0 0.431103515625 0.8330915371329879 0.04556640625 0.15060449050086355
0 0.531005859375 0.3176511226252159 0.044365234375 0.1114075993091537
0 0.5763916015625 0.8287564766839378 0.0532666015625 0.15348877374784112
0 0.62255859375 0.09531951640759931 0.04638671875 0.10076856649395509
0 0.9752001953125 0.281139896373057 0.04787109375 0.1158635578583765
0 0.5810546875 0.1025993091537133 0.0472412109375 0.10055267702936097
0 0.69970703125 0.40932642487046633 0.0530078125 0.11291018998272884
0 0.7253955078125 0.5371243523316063 0.049482421875 0.13112262521588947
0 0.5568505859375 0.42580310880829014 0.045390625 0.11840241796200347
0 0.62353515625 0.2964162348877375 0.04876953125 0.098713298791019
0 0.599609375 0.2000777202072539 0.0487646484375 0.10860103626943006
0 0.6314892578125 0.8303108808290155 0.050283203125 0.16504317789291884
0 0.6759912109375 0.5440414507772021 0.0501611328125 0.13085492227979276
0 0.6056201171875 0.6819689119170985 0.053193359375 0.1392573402417962
0 0.748046875 0.4065198618307427 0.0559375 0.11582901554404144
0 0.7119140625 0.08495682210708116 0.0491357421875 0.10357512953367876
0 0.80322265625 0.0774006908462867 0.04931640625 0.11107944732297063
0 0.669921875 0.290587219343696 0.050048828125 0.1022279792746114
0 0.73681640625 0.18318652849740932 0.051943359375 0.10568221070811744
0 0.6533203125 0.4106217616580311 0.0531005859375 0.11129533678756476
0 0.6650390625 0.09018998272884284 0.048857421875 0.1025993091537133
0 0.5769677734375 0.3112607944732297 0.04734375 0.1070811744386874
0 0.71728515625 0.28454231433506044 0.0496826171875 0.10432642487046632
0 0.464296875 0.6849568221070811 0.045673828125 0.1318048359240069
0 0.85302734375 0.07459412780656303 0.05203125 0.1177720207253886
0 0.75732421875 0.08052677029360968 0.0498681640625 0.1070293609671848
0 0.68896484375 0.18577720207253887 0.0496826171875 0.1001727115716753
0 0.9677734375 0.8385146804835925 0.061767578125 0.17249568221070813
0 0.642578125 0.18998272884283246 0.04931640625 0.09963730569948186
0 0.76123046875 0.6783246977547496 0.058564453125 0.15544041450777202
0 0.9806787109375 0.1687564766839378 0.038642578125 0.11068221070811743
0 0.6020458984375 0.4220639032815199 0.0492919921875 0.12279792746113989
0 0.76806640625 0.28065630397236613 0.0541064453125 0.10962003454231434
0 0.9598388671875 0.40224525043177894 0.0505615234375 0.12662348877374785
0 0.951171875 0.07075993091537133 0.0511767578125 0.12208981001727115
0 0.9092529296875 0.8343005181347151 0.055087890625 0.16658894645941277
0 0.5062353515625 0.6842055267702936 0.04775390625 0.13363557858376512
0 0.90283203125 0.07308290155440414 0.0533154296875 0.12144214162348876
0 0.5546630859375 0.6836183074265976 0.05087890625 0.13298791018998274
0 0.4767724609375 0.8322970639032815 0.050224609375 0.15048359240069084
0 0.5298095703125 0.5536010362694301 0.0439892578125 0.1284974093264249
0 0.57662109375 0.5490932642487046 0.04484375 0.13101036269430053