0 0.441357421875 0.5634110535405872 0.042236328125 0.12797927461139896
0 0.4853759765625 0.5584974093264249 0.0393359375 0.12766839378238343
0 0.468994140625 0.42271157167530227 0.0403759765625 0.09947322970639033
0 0.46400390625 0.6717012089810017 0.0462060546875 0.10206390328151986
0 0.5068359375 0.6662348877374784 0.0397021484375 0.10724525043177893
0 0.6232763671875 0.5470725388601037 0.0440087890625 0.13417098445595854
0 0.746318359375 0.411727115716753 0.0511767578125 0.12938687392055268
0 0.9609375 0.39270293609671847 0.0565478515625 0.1133419689119171
0 0.7260205078125 0.5387996545768566 0.0469970703125 0.13069084628670122
0 0.6015625 0.42044041450777203 0.0443408203125 0.1280742659758204
0 0.97412109375 0.2696459412780656 0.0494091796875 0.10093264248704663
0 0.7841796875 0.17314335060449051 0.04568359375 0.0977979274611399
0 0.802734375 0.405440414507772 0.0552978515625 0.13061312607944733
0 0.5547509765625 0.2079965457685665 0.0406201171875 0.10587219343696028
0 0.979453125 0.6794386873920553 0.04109375 0.14286701208981
0 0.9435498046875 0.535146804835924 0.0562451171875 0.13905008635578583
0 0.57958984375 0.1016839378238342 0.047880859375 0.09726252158894645
0 0.73779296875 0.1784369602763385 0.04681640625 0.09515544041450777
0 0.64208984375 0.19018134715025906 0.0430322265625 0.09808290155440415
0 0.62255859375 0.0947754749568221 0.047333984375 0.0983419689119171
0 0.6845703125 0.18221070811744386 0.04638671875 0.08689982728842832
0 0.75537109375 0.0783160621761658 0.04638671875 0.10093264248704663
0 0.71044921875 0.08436096718480138 0.0471484375 0.099853195164076
0 0.66455078125 0.08970639032815199 0.0475146484375 0.098713298791019
0 0.9822998046875 0.159006908462867 0.035400390625 0.10000863557858376
0 0.85302734375 0.07469775474956822 0.05251953125 0.11949913644214162
0 0.8330419921875 0.17899827288428324 0.055205078125 0.11582901554404144
0 0.647802734375 0.41589810017271156 0.0469970703125 0.12487046632124352
0 0.9256103515625 0.6763298791018999 0.0604248046875 0.14441278065630397
0 0.94970703125 0.07221934369602763 0.0533154296875 0.12564766839378239
0 0.7587890625 0.687392055267703 0.0638427734375 0.1584628670120898
0 0.90087890625 0.07431778929188256 0.0530078125 0.12230569948186529
0 0.628271484375 0.8297754749568221 0.0496826171875 0.1610880829015544
0 0.6812939453125 0.8283851468048359 0.0482177734375 0.15257340241796202
0 0.97021484375 0.8346113989637306 0.0556005859375 0.16954231433506045
0 0.9052734375 0.8389464594127807 0.071044921875 0.16774611398963732
0 0.5772314453125 0.8302677029360968 0.0570166015625 0.1662348877374784
0 0.47521484375 0.8314248704663212 0.03265625 0.15008635578583765