0 0.4151123046875 0.6941364421416234 0.047841796875 0.1367789291882556
0 0.72607421875 0.5440414507772021 0.059111328125 0.13860103626943004
0 0.5542041015625 0.6859499136442142 0.04654296875 0.1377461139896373
0 0.759765625 0.6899827288428325 0.0596630859375 0.16418825561312608
0 0.77880859375 0.5397236614853195 0.0598779296875 0.1341796200345423
0 0.5980078125 0.6831865284974094 0.05052734375 0.13481001727115718
0 0.3931640625 0.8367875647668394 0.0500537109375 0.14810017271157166
0 0.64990234375 0.41990500863557856 0.056123046875 0.11841968911917099
0 0.577734375 0.5495164075993092 0.0545068359375 0.12435233160621761
0 0.7974365234375 0.4079879101899827 0.0584423828125 0.13298791018998274
0 0.6826171875 0.8333333333333334 0.0589013671875 0.16807426597582037
0 0.4589453125 0.689559585492228 0.04759765625 0.14052677029360966
0 0.50572265625 0.685112262521589 0.0450634765625 0.14135578583765113
0 0.54345703125 0.11161485319516408 0.058564453125 0.1118307426597582
0 0.5111474609375 0.4342055267702936 0.0462109375 0.1257858376511226
0 0.576435546875 0.8332124352331607 0.055400390625 0.1645077720207254
0 0.62548828125 0.8316062176165803 0.0616455078125 0.16418825561312608
0 0.6005859375 0.4228842832469775 0.0486767578125 0.12384283246977547
0 0.6767578125 0.5397236614853195 0.0569775390625 0.14130397236614853
0 0.69712890625 0.41614853195164075 0.0551171875 0.12380829015544041
0 0.71142578125 0.0881951640759931 0.0516650390625 0.11021588946459412
0 0.83544921875 0.17594991364421417 0.0586572265625 0.13612262521588947
0 0.666015625 0.09321243523316063 0.0513623046875 0.10805699481865284
0 0.48974609375 0.5531088082901554 0.057587890625 0.12597582037996546
0 0.8525390625 0.07496545768566494 0.05490234375 0.12230569948186529
0 0.95703125 0.40781519861830745 0.0580126953125 0.1380656303972366
0 0.90185546875 0.07308290155440414 0.0531005859375 0.12057858376511225
0 0.53271484375 0.3067789291882556 0.04708984375 0.09321243523316063
0 0.5323095703125 0.5529274611398963 0.04501953125 0.1272279792746114
0 0.94970703125 0.0714075993091537 0.0537109375 0.1264075993091537
0 0.5542919921875 0.4246286701208981 0.0463037109375 0.12117443868739206
0 0.96875 0.8402417962003454 0.0621044921875 0.1692573402417962
0 0.49658203125 0.3136873920552677 0.0433642578125 0.09256476683937824
0 0.64208984375 0.18739205526770294 0.046630859375 0.0944559585492228
0 0.51708984375 0.20682210708117443 0.0462060546875 0.0944559585492228
0 0.6689453125 0.29015544041450775 0.047607421875 0.09515544041450777
0 0.58203125 0.3015975820379965 0.052431640625 0.09909326424870467
0 0.6285498046875 0.5489810017271157 0.0499560546875 0.13627806563039724
0 0.6875 0.18318652849740932 0.047880859375 0.09499136442141623
0 0.76220703125 0.2819516407599309 0.044921875 0.0939119170984456
0 0.4667333984375 0.4356735751295337 0.0404345703125 0.11377374784110536
0 0.599609375 0.19398100172711571 0.047607421875 0.09569084628670121
0 0.73828125 0.1799481865284974 0.0570703125 0.09202072538860104
0 0.62451171875 0.29533678756476683 0.048583984375 0.09655440414507772
0 0.7861767578125 0.1736701208981002 0.0491357421875 0.09547495682210708
0 0.71484375 0.2858376511226252 0.046630859375 0.09801381692573402
0 0.5595703125 0.20293609671848015 0.0498681640625 0.09671848013816926
0 0.4482421875 0.5457685664939551 0.0465380859375 0.1016839378238342
0 0.90869140625 0.832901554404145 0.065615234375 0.172279792746114
0 0.75732421875 0.0807944732297064 0.0499560546875 0.1064853195164076
0 0.623046875 0.09747841105354059 0.0505078125 0.10508635578583765
0 0.5810546875 0.10206390328151986 0.0486767578125 0.10038860103626943
0 0.8046875 0.07459412780656303 0.0505078125 0.10746113989637306
0 0.4359912109375 0.833160621761658 0.04353515625 0.15221070811744386
0 0.4761181640625 0.8330397236614853 0.0456640625 0.15485319516407597