0 0.4409765625 0.5623834196891192 0.040107421875 0.12082901554404143
0 0.7572119140625 0.6816321243523317 0.054462890625 0.15139896373056994
0 0.705869140625 0.0881692573402418 0.0409423828125 0.10436096718480138
0 0.623046875 0.09547495682210708 0.048125 0.099853195164076
0 0.75537109375 0.081286701208981 0.04779296875 0.1070293609671848
0 0.66455078125 0.08916234887737479 0.0472412109375 0.0983419689119171
0 0.485458984375 0.5590500863557858 0.0399462890625 0.12765975820379966
0 0.681640625 0.8372193436960277 0.0604248046875 0.16860967184801381
0 0.57958984375 0.099853195164076 0.048125 0.09407599309153714
0 0.4664111328125 0.4353281519861831 0.0436279296875 0.12469775474956822
0 0.927529296875 0.6800431778929188 0.057607421875 0.1422279792746114
0 0.60205078125 0.40803108808290156 0.0453515625 0.10746113989637306
0 0.85302734375 0.07582901554404145 0.0541064453125 0.12208981001727115
0 0.73828125 0.1790846286701209 0.04681640625 0.0983419689119171
0 0.833984375 0.17627806563039725 0.0542919921875 0.11820379965457685
0 0.57666015625 0.831174438687392 0.061982421875 0.1662348877374784
0 0.6279296875 0.831174438687392 0.0604248046875 0.1645077720207254
0 0.78466796875 0.17249568221070813 0.04611328125 0.098713298791019
0 0.463623046875 0.6645077720207254 0.0465380859375 0.09655440414507772
0 0.62646484375 0.5310880829015544 0.0443408203125 0.10746113989637306
0 0.5051953125 0.6850949913644214 0.0415673828125 0.13264248704663212
0 0.80029296875 0.41429188255613125 0.0551171875 0.13461139896373056
0 0.68701171875 0.1794041450777202 0.048310546875 0.08867875647668394
0 0.7444970703125 0.4122020725388601 0.055205078125 0.13381692573402418
0 0.9501953125 0.07237478411053541 0.053408203125 0.12662348877374785
0 0.9100244140625 0.8391364421416235 0.055283203125 0.16296200345423145
0 0.9443359375 0.5367875647668394 0.059345703125 0.14268566493955095
0 0.7240869140625 0.5354749568221071 0.048125 0.12706390328151984
0 0.9708251953125 0.8402504317789292 0.05712890625 0.16481001727115716
0 0.64697265625 0.4073834196891192 0.0472412109375 0.1094559585492228
0 0.96240234375 0.391839378238342 0.0551171875 0.11518134715025906
0 0.474365234375 0.832901554404145 0.04904296875 0.16774611398963732
0 0.89990234375 0.07399827288428325 0.053896484375 0.12208981001727115
0 0.97509765625 0.2707253886010363 0.04779296875 0.09947322970639033
0 0.6416015625 0.18285837651122624 0.044189453125 0.08592400690846287
0 0.9800634765625 0.6787823834196891 0.039873046875 0.15430915371329879
0 0.9772509765625 0.16898100172711572 0.045498046875 0.11280656303972365
0 0.547890625 0.20404145077720207 0.0410888671875 0.10008635578583766