0 0.49046875 0.3199654576856649 0.0467333984375 0.10816062176165803
0 0.5166015625 0.20833333333333334 0.0445263671875 0.08986183074265976
0 0.4642578125 0.4347150259067357 0.0464794921875 0.11518998272884282
0 0.532626953125 0.31798791018998274 0.042666015625 0.11791018998272884
0 0.76171875 0.280440414507772 0.04443359375 0.09655440414507772
0 0.5128662109375 0.4298445595854922 0.0432568359375 0.1156908462867012
0 0.7840673828125 0.18176165803108807 0.048310546875 0.10870466321243523
0 0.4403759765625 0.5596200345423143 0.0474267578125 0.12236614853195163
0 0.4856689453125 0.5570811744386874 0.045947265625 0.12569948186528498
0 0.6022119140625 0.1996027633851468 0.050048828125 0.09763385146804836
0 0.4168994140625 0.6911917098445596 0.044990234375 0.1298963730569948
0 0.6689453125 0.2918825561312608 0.046904296875 0.09461139896373057
0 0.8349609375 0.17594991364421417 0.0528271484375 0.12036269430051813
0 0.58251953125 0.3024611398963731 0.05126953125 0.09655440414507772
0 0.5595703125 0.20196891191709845 0.048125 0.09569084628670121
0 0.53955078125 0.10864421416234887 0.045595703125 0.09747841105354059
0 0.68701171875 0.1854490500863558 0.0491357421875 0.09693436960276339
0 0.5566943359375 0.4263816925734024 0.04896484375 0.11930915371329878
0 0.58056640625 0.10244386873920552 0.046904296875 0.09892918825561313
0 0.73583984375 0.1799481865284974 0.0494091796875 0.10146804835924007
0 0.7158203125 0.2858376511226252 0.0462060546875 0.09763385146804836
0 0.642578125 0.18901554404145077 0.0475146484375 0.09461139896373057
0 0.69697265625 0.41176165803108805 0.049599609375 0.11554404145077721
0 0.64765625 0.4177979274611399 0.046025390625 0.12207253886010364
0 0.60302734375 0.4191278065630397 0.05203125 0.11839378238341969
0 0.62451171875 0.2957685664939551 0.0474267578125 0.0962348877374784
0 0.62255859375 0.09547495682210708 0.0472412109375 0.0992573402417962
0 0.6777783203125 0.5414594127806563 0.0500146484375 0.13548359240069083
0 0.627783203125 0.5468307426597582 0.049501953125 0.1294818652849741
0 0.5301318359375 0.5509671848013816 0.04900390625 0.13460276338514682
0 0.58154296875 0.547020725388601 0.0514501953125 0.13273747841105354
0 0.4620654296875 0.6871934369602763 0.0477001953125 0.13038860103626942
0 0.72900390625 0.5370379965457686 0.0516650390625 0.13667530224525043
0 0.8046875 0.07582901554404145 0.0509033203125 0.11021588946459412
0 0.80029296875 0.4063039723661485 0.05490234375 0.13363557858376512
0 0.71240234375 0.08575993091537133 0.04958984375 0.10508635578583765
0 0.66455078125 0.09018998272884284 0.0494091796875 0.10281519861830743
0 0.6012548828125 0.6823747841105354 0.0458056640625 0.14037996545768566
0 0.75732421875 0.08203799654576857 0.0505078125 0.11021588946459412
0 0.8525390625 0.07459412780656303 0.05203125 0.11755613126079446
0 0.554091796875 0.6821416234887737 0.0533154296875 0.1337651122625216
0 0.507822265625 0.6895423143350604 0.0467919921875 0.13796200345423143
0 0.90087890625 0.07275474956822107 0.0530078125 0.12122625215889464
0 0.9501953125 0.0729188255613126 0.05349609375 0.12521588946459414
0 0.7607421875 0.6770293609671848 0.0579248046875 0.15317789291882555
0 0.7783203125 0.5401554404145078 0.058779296875 0.13298791018998274
0 0.9833154296875 0.15544041450777202 0.033369140625 0.09671848013816926
0 0.95849609375 0.40846286701208984 0.0574951171875 0.1378497409326425
0 0.3906201171875 0.8356908462867012 0.0501123046875 0.14939550949913644
0 0.481025390625 0.8294732297063903 0.043447265625 0.1532987910189983
0 0.43748046875 0.8332037996545769 0.04853515625 0.14917962003454233
0 0.68115234375 0.8320379965457686 0.057587890625 0.1668825561312608
0 0.576826171875 0.828419689119171 0.0536376953125 0.1639637305699482
0 0.9886376953125 0.05764248704663212 0.0227197265625 0.09671848013816926
0 0.626953125 0.8307426597582038 0.059755859375 0.16310880829015545
0 0.96826171875 0.8393782383419689 0.061982421875 0.16958549222797928
0 0.90869140625 0.8333333333333334 0.0648828125 0.1713126079447323