0 0.5116064453125 0.21894645941278065 0.0433935546875 0.10398963730569949
0 0.578505859375 0.8329101899827288 0.051865234375 0.15746113989637306
0 0.62646484375 0.831174438687392 0.0582275390625 0.16105354058721935
0 0.68017578125 0.832901554404145 0.057802734375 0.16505181347150258
0 0.49609375 0.3130397236614853 0.040771484375 0.0944559585492228
0 0.78515625 0.1716321243523316 0.047880859375 0.10000863557858376
0 0.4638134765625 0.4376079447322971 0.0486181640625 0.11596718480138168
0 0.55908203125 0.2047754749568221 0.0486767578125 0.09801381692573402
0 0.7607421875 0.6878238341968912 0.0634765625 0.16246113989637306
0 0.9091796875 0.8341968911917098 0.0657373046875 0.1713126079447323
0 0.5341796875 0.3065630397236615 0.045439453125 0.09639896373056994
0 0.4794921875 0.8376511226252159 0.053408203125 0.15965457685664938
0 0.59912109375 0.19840241796200345 0.047880859375 0.0977979274611399
0 0.512470703125 0.43436960276338515 0.04681640625 0.12261658031088084
0 0.53955078125 0.10924006908462867 0.0453515625 0.09763385146804836
0 0.83544921875 0.17810880829015543 0.052705078125 0.12187392055267703
0 0.76220703125 0.27892918825561314 0.044921875 0.09585492227979274
0 0.58154296875 0.10335924006908463 0.0475146484375 0.10184801381692574
0 0.62255859375 0.09655440414507772 0.0472412109375 0.10184801381692574
0 0.556943359375 0.42740932642487045 0.0439453125 0.11639032815198619
0 0.6865234375 0.18512953367875648 0.048583984375 0.0983419689119171
0 0.69921875 0.4120552677029361 0.0502294921875 0.12079447322970639
0 0.96826171875 0.8402417962003454 0.06244140625 0.16807426597582037
0 0.71142578125 0.08560449050086355 0.048583984375 0.10454231433506045
0 0.7158203125 0.28389464594127806 0.0462060546875 0.09763385146804836
0 0.66796875 0.28993955094991364 0.0467236328125 0.09359240069084629
0 0.64111328125 0.19365284974093264 0.0464794921875 0.09547495682210708
0 0.58203125 0.3020293609671848 0.0496826171875 0.09747841105354059
0 0.6491015625 0.41601036269430053 0.047666015625 0.12055267702936097
0 0.4434814453125 0.5658376511226252 0.0443359375 0.13346286701208981
0 0.80517578125 0.07696891191709844 0.051455078125 0.11161485319516408
0 0.66455078125 0.09115716753022453 0.0492236328125 0.1037392055267703
0 0.7249853515625 0.5391450777202073 0.04904296875 0.13203799654576856
0 0.623046875 0.297279792746114 0.04708984375 0.09585492227979274
0 0.7578125 0.0827979274611399 0.050810546875 0.11086355785837651
0 0.60009765625 0.42144214162348875 0.045439453125 0.11841105354058723
0 0.4856298828125 0.5558376511226252 0.0440966796875 0.12667530224525042
0 0.7373046875 0.1799481865284974 0.0484912109375 0.10076856649395509
0 0.8525390625 0.07486183074265976 0.053193359375 0.11949913644214162
0 0.6241357421875 0.5452763385146805 0.041474609375 0.12835060449050087
0 0.90234375 0.07399827288428325 0.0537109375 0.12187392055267703
0 0.79833984375 0.3965889464594128 0.0538037109375 0.11496545768566493
0 0.416455078125 0.6949568221070812 0.0391162109375 0.13601899827288427
0 0.9501953125 0.07265112262521589 0.052431640625 0.125
0 0.95751953125 0.4073834196891192 0.057802734375 0.13493091537132987
0 0.9833984375 0.16293609671848014 0.033203125 0.09558721934369603
0 0.5027490234375 0.6882556131260794 0.041953125 0.13585492227979273