0 0.4362939453125 0.5620466321243524 0.045888671875 0.12498272884283246
0 0.6187841796875 0.10309153713298791 0.041279296875 0.10256476683937824
0 0.461669921875 0.4403281519861831 0.045390625 0.12517271157167528
0 0.576826171875 0.8337564766839378 0.049296875 0.15983592400690846
0 0.6279296875 0.8316062176165803 0.058349609375 0.16332469775474956
0 0.68017578125 0.8341968911917098 0.0571923828125 0.1662348877374784
0 0.57958984375 0.09709844559585493 0.0459619140625 0.08721934369602763
0 0.71142578125 0.08479274611398964 0.0479443359375 0.10130397236614853
0 0.60205078125 0.40867875647668395 0.0457763671875 0.10664939550949913
0 0.7588427734375 0.6790069084628669 0.0593603515625 0.1485146804835924
0 0.6650390625 0.09018998272884284 0.04876953125 0.10093264248704663
0 0.72509765625 0.5369775474956823 0.047607421875 0.13213298791019
0 0.48396484375 0.5567443868739206 0.0486767578125 0.12753022452504317
0 0.4765625 0.8312262521588946 0.05224609375 0.15046632124352333
0 0.755859375 0.08036269430051814 0.0472412109375 0.10508635578583765
0 0.6865234375 0.1790846286701209 0.0443408203125 0.0827979274611399
0 0.78515625 0.1716321243523316 0.0464794921875 0.09726252158894645
0 0.748046875 0.40949050086355787 0.0516650390625 0.13461139896373056
0 0.83447265625 0.1746545768566494 0.053984375 0.11312607944732297
0 0.4624462890625 0.6701036269430052 0.0443408203125 0.09693436960276339
0 0.73828125 0.17714162348877374 0.046904296875 0.09218480138169258
0 0.9677734375 0.8398100172711571 0.0629296875 0.1689378238341969
0 0.93158203125 0.6815198618307426 0.058662109375 0.16105354058721935
0 0.910927734375 0.8340328151986183 0.0604736328125 0.1619084628670121
0 0.9572021484375 0.4011312607944732 0.0622509765625 0.1293350604490501
0 0.62744140625 0.5436701208981002 0.0451953125 0.13139032815198617
0 0.50634765625 0.6731433506044905 0.04046875 0.10902417962003454
0 0.802734375 0.4069516407599309 0.0559375 0.13298791018998274
0 0.9735986328125 0.2793696027633851 0.0509423828125 0.11745250431778928
0 0.6474609375 0.40867875647668395 0.0464794921875 0.10962003454231434
0 0.640625 0.18642487046632125 0.0437646484375 0.08970639032815199
0 0.95068359375 0.0714075993091537 0.05154296875 0.12435233160621761
0 0.944677734375 0.5336960276338515 0.0578515625 0.1386355785837651
0 0.8525390625 0.07496545768566494 0.05349609375 0.11993091537132987
0 0.55078125 0.19883419689119172 0.0340283203125 0.09115716753022453
0 0.97994140625 0.6784024179620035 0.0401171875 0.1518048359240069
0 0.9013671875 0.07388601036269431 0.053408203125 0.12144214162348876
0 0.9822607421875 0.16981865284974093 0.035478515625 0.11223661485319517