0 0.533369140625 0.11144214162348878 0.04333984375 0.10883419689119171
0 0.5756884765625 0.10597582037996546 0.047880859375 0.099853195164076
0 0.623046875 0.09461139896373057 0.0475146484375 0.099853195164076
0 0.80419921875 0.07653713298791019 0.049501953125 0.1094559585492228
0 0.7119140625 0.08419689119170984 0.0486767578125 0.10206390328151986
0 0.66455078125 0.0900259067357513 0.048583984375 0.1016839378238342
0 0.7568359375 0.08004317789291883 0.049775390625 0.10605354058721934
0 0.8525390625 0.07431778929188256 0.0523388671875 0.11734024179620034
0 0.83439453125 0.18130397236614854 0.0530078125 0.11355785837651122
0 0.4631640625 0.4386183074265976 0.0457763671875 0.11543177892918824
0 0.81787109375 0.2899481865284974 0.0551123046875 0.1155958549222798
0 0.51224609375 0.21940414507772021 0.0453173828125 0.1143264248704663
0 0.7828662109375 0.18158031088082902 0.051455078125 0.10470639032815199
0 0.9501953125 0.07157167530224524 0.0521240234375 0.1234887737478411
0 0.4430419921875 0.5595854922279793 0.0425537109375 0.12370466321243523
0 0.78076171875 0.5398359240069085 0.0545947265625 0.14670120898100172
0 0.6005859375 0.19506044905008635 0.04876953125 0.09817789291882556
0 0.974990234375 0.2789378238341969 0.05001953125 0.12176165803108809
0 0.7373046875 0.18189119170984455 0.0521240234375 0.10530224525043178
0 0.5125390625 0.43253886010362697 0.04322265625 0.11633851468048359
0 0.4188427734375 0.6924784110535406 0.041923828125 0.132573402417962
0 0.48607421875 0.5566839378238342 0.0452587890625 0.12310017271157168
0 0.7975830078125 0.4084455958549223 0.0562451171875 0.1284369602763385
0 0.9013671875 0.07248704663212435 0.0526123046875 0.12079447322970639
0 0.729150390625 0.5411398963730569 0.0537109375 0.1375215889464594
0 0.5311572265625 0.3196977547495682 0.0482568359375 0.11382556131260795
0 0.62939453125 0.5433765112262522 0.0516650390625 0.1338082901554404
0 0.6875 0.19258203799654577 0.049775390625 0.11103626943005182
0 0.6212841796875 0.30916234887737476 0.0496826171875 0.11397236614853194
0 0.7160107421875 0.2959153713298791 0.0513623046875 0.11089810017271157
0 0.5308984375 0.5563730569948186 0.047998046875 0.13164075993091537
0 0.6666162109375 0.3010794473229706 0.05099609375 0.10941278065630397
0 0.48681640625 0.3264594127806563 0.04345703125 0.1083419689119171
0 0.4644140625 0.6872020725388601 0.0429248046875 0.1317012089810017
0 0.648779296875 0.4174093264248705 0.0533154296875 0.12182210708117443
0 0.7458349609375 0.411873920552677 0.0570703125 0.1293264248704663
0 0.5560107421875 0.4282124352331606 0.051708984375 0.122426597582038
0 0.578037109375 0.549740932642487 0.0470654296875 0.13639032815198618
0 0.67919921875 0.5413730569948186 0.0531005859375 0.13768566493955095
0 0.758671875 0.6804490500863558 0.056640625 0.15436960276338513
0 0.642080078125 0.19696891191709845 0.0420751953125 0.11187392055267704
0 0.6009130859375 0.4220552677029361 0.0397216796875 0.1192314335060449
0 0.6950537109375 0.4162348877374784 0.05203125 0.1251036269430052
0 0.5991748046875 0.6823402417962003 0.04953125 0.141286701208981
0 0.508330078125 0.6864248704663213 0.045703125 0.135
0 0.5774267578125 0.3108117443868739 0.046298828125 0.11580310880829014
0 0.5578125 0.20810017271157166 0.0484912109375 0.10634715025906737
0 0.5558447265625 0.6835233160621762 0.04423828125 0.13464594127806562
0 0.7646923828125 0.2899136442141624 0.05154296875 0.10853195164075993
0 0.9814306640625 0.16337651122625216 0.0371435546875 0.11093264248704664
0 0.9615576171875 0.4024956822107081 0.0492431640625 0.12662348877374785
0 0.4803955078125 0.8316753022452504 0.0424755859375 0.15078583765112263
0 0.436396484375 0.832279792746114 0.0455517578125 0.14837651122625214
0 0.3892138671875 0.8321848013816925 0.0556396484375 0.15163212435233162
0 0.681767578125 0.832573402417962 0.0535302734375 0.16368739205526772
0 0.5749658203125 0.8311398963730571 0.052685546875 0.1591105354058722
0 0.629384765625 0.8312003454231434 0.05021484375 0.1634369602763385
0 0.971025390625 0.8365630397236615 0.056572265625 0.17031088082901555
0 0.91013671875 0.8406303972366149 0.0532421875 0.16849740932642487