0 0.5127294921875 0.21882556131260794 0.0423876953125 0.10086355785837652
0 0.4901513671875 0.3214075993091537 0.042177734375 0.10514680483592401
0 0.7846337890625 0.17973229706390328 0.0489501953125 0.10715889464594128
0 0.55720703125 0.20898963730569947 0.0483984375 0.10379965457685665
0 0.5335546875 0.3155354058721934 0.0453466796875 0.10879965457685664
0 0.76220703125 0.27849740932642486 0.04486328125 0.09342832469775475
0 0.59814453125 0.19678756476683937 0.0453515625 0.09499136442141623
0 0.47216796875 0.42422279792746115 0.04345703125 0.09947322970639033
0 0.51416015625 0.41731433506044907 0.0465380859375 0.09531951640759931
0 0.53197265625 0.11260794473229707 0.0462060546875 0.09726252158894645
0 0.8359375 0.17627806563039725 0.0523388671875 0.11993091537132987
0 0.736328125 0.18124352331606217 0.049501953125 0.1016839378238342
0 0.667763671875 0.3012694300518135 0.045595703125 0.11037996545768566
0 0.64208984375 0.19268566493955094 0.045869140625 0.09655440414507772
0 0.68701171875 0.18577720207253887 0.0477001953125 0.09515544041450777
0 0.69873046875 0.401986183074266 0.0492236328125 0.09801381692573402
0 0.58056640625 0.10357512953367876 0.0474267578125 0.10093264248704663
0 0.7197265625 0.28281519861830745 0.049775390625 0.0944559585492228
0 0.6220703125 0.09547495682210708 0.04708984375 0.09963730569948186
0 0.55712890625 0.41278065630397237 0.0450146484375 0.09304835924006909
0 0.622880859375 0.3051381692573403 0.0477001953125 0.10902417962003454
0 0.8046875 0.07696891191709844 0.0504150390625 0.1115112262521589
0 0.7109375 0.08575993091537133 0.0482177734375 0.10297927461139897
0 0.58056640625 0.3101727115716753 0.047333984375 0.11004317789291883
0 0.651552734375 0.41590673575129533 0.0472412109375 0.11889464594127808
0 0.6640625 0.09067357512953368 0.048583984375 0.10206390328151986
0 0.75732421875 0.08203799654576857 0.0505078125 0.10880829015544041
0 0.49072265625 0.5543436960276338 0.0447705078125 0.13221934369602764
0 0.6015625 0.41961139896373056 0.048310546875 0.11830742659758203
0 0.7255859375 0.5237478411053541 0.048310546875 0.10924006908462867
0 0.44470703125 0.5603972366148532 0.0472607421875 0.12706390328151984
0 0.853515625 0.07512953367875648 0.0533154296875 0.11906735751295336
0 0.90283203125 0.07361830742659758 0.0533154296875 0.12187392055267703
0 0.62548828125 0.531951640759931 0.0428759765625 0.1070293609671848
0 0.80126953125 0.4073834196891192 0.05685546875 0.1296459412780656
0 0.951171875 0.07335060449050086 0.05203125 0.12662348877374785
0 0.577060546875 0.8296459412780657 0.0492333984375 0.15251295336787565
0 0.62646484375 0.8320379965457686 0.0592041015625 0.16278065630397237
0 0.681640625 0.8359240069084629 0.0594189453125 0.17076856649395508
0 0.95703125 0.4099740932642487 0.058349609375 0.14011226252158895
0 0.503076171875 0.688566493955095 0.038330078125 0.1385924006908463
0 0.90966796875 0.8341968911917098 0.06537109375 0.1713126079447323
0 0.478759765625 0.8307426597582038 0.053193359375 0.16105354058721935
0 0.7626953125 0.6899827288428325 0.0621044921875 0.1662348877374784
0 0.96875 0.8402417962003454 0.0615234375 0.17012089810017272
0 0.4176904296875 0.6934628670120898 0.03912109375 0.13315198618307425
0 0.9832177734375 0.15317789291882555 0.033564453125 0.09515544041450777