0 0.563720703125 0.9025647668393783 0.0416455078125 0.15263385146804836
0 0.519697265625 0.8934887737478412 0.0457958984375 0.1559844559585492
0 0.2120361328125 0.8557858376511226 0.0657373046875 0.16483592400690847
0 0.2671142578125 0.8605699481865284 0.0562646484375 0.15926597582037996
0 0.1990966796875 0.6987046632124353 0.0562060546875 0.14756476683937825
0 0.32033203125 0.8663385146804836 0.055009765625 0.16278065630397237
0 0.47462890625 0.8905440414507773 0.0462451171875 0.16278065630397237
0 0.4264501953125 0.8814248704663213 0.052890625 0.1604490500863558
0 0.1889013671875 0.5573834196891192 0.0545703125 0.14464594127806563
0 0.038759765625 0.8348963730569948 0.0588525390625 0.16364421416234887
0 0.3593505859375 0.7196977547495682 0.0563720703125 0.14352331606217616
0 0.49845703125 0.740993091537133 0.047919921875 0.13481865284974093
0 0.5250244140625 0.6138341968911918 0.0456884765625 0.130293609671848
0 0.3055810546875 0.7153195164075994 0.054541015625 0.14344559585492228
0 0.4530224609375 0.7400086355785838 0.0503173828125 0.14290155440414506
0 0.2532080078125 0.7072107081174439 0.0507958984375 0.1584628670120898
0 0.544951171875 0.7527115716753022 0.050478515625 0.1410103626943005
0 0.23962890625 0.5654922279792747 0.0546875 0.13758203799654575
0 0.4077783203125 0.7277288428324699 0.0471044921875 0.14471502590673577
0 0.43458984375 0.5965975820379965 0.0481591796875 0.1317875647668394
0 0.37501953125 0.8732297063903282 0.05359375 0.16478411053540587
0 0.3394970703125 0.5792227979274611 0.0521435546875 0.13228842832469775
0 0.32037109375 0.4508894645941278 0.0469873046875 0.13003454231433506
0 0.460859375 0.4782469775474956 0.049833984375 0.11824697754749569
0 0.2598193359375 0.3186614853195164 0.057041015625 0.12399827288428325
0 0.41380859375 0.46835060449050087 0.0513232421875 0.12246113989637306
0 0.389423828125 0.5907944732297064 0.050302734375 0.1425993091537133
0 0.1698876953125 0.42063039723661483 0.052451171875 0.12370466321243523
0 0.26904296875 0.44084628670120896 0.063232421875 0.1294300518134715
0 0.4389013671875 0.3603108808290156 0.04287109375 0.1138082901554404
0 0.209716796875 0.3086614853195164 0.0542529296875 0.12391191709844561
0 0.2205615234375 0.428454231433506 0.0537890625 0.1260708117443869
0 0.394833984375 0.35003454231433506 0.046865234375 0.11164075993091538
0 0.5012109375 0.48405008635578584 0.042265625 0.11898963730569947
0 0.15517578125 0.3003454231433506 0.0487158203125 0.1224525043177893
0 0.24294921875 0.20418825561312606 0.0541064453125 0.11086355785837651
0 0.3516455078125 0.3385924006908463 0.047939453125 0.11863557858376511
0 0.466494140625 0.26024179620034543 0.0425341796875 0.10560449050086357
0 0.291484375 0.5726511226252159 0.053095703125 0.13204663212435233
0 0.194072265625 0.19331606217616581 0.053984375 0.10902417962003454
0 0.336181640625 0.22279792746113988 0.0531005859375 0.11064766839378239
0 0.4225537109375 0.2476424870466321 0.050341796875 0.1119775474956822
0 0.0300048828125 0.6735837651122625 0.052919921875 0.14310880829015543
0 0.483896484375 0.36847150259067357 0.0502783203125 0.10792746113989637
0 0.4810693359375 0.6056908462867012 0.0497265625 0.12793609671848014
0 0.449736328125 0.15107944732297063 0.0448779296875 0.1055181347150259
0 0.0226123046875 0.5260621761658031 0.045224609375 0.1362694300518135
0 0.365830078125 0.1288082901554404 0.052431640625 0.10983592400690846
0 0.22900390625 0.0962348877374784 0.0535888671875 0.11086355785837651
0 0.274658203125 0.10724525043177893 0.0538037109375 0.11043177892918825
0 0.1834375 0.08723661485319516 0.0511572265625 0.11273747841105355
0 0.320068359375 0.11734024179620034 0.0521240234375 0.10842832469775475
0 0.405947265625 0.14264248704663213 0.040595703125 0.10899827288428325
0 0.0870458984375 0.07153713298791019 0.0550537109375 0.125
0 0.290205078125 0.21555267702936098 0.0442333984375 0.11840241796200347
0 0.135791015625 0.07953367875647668 0.0493994140625 0.11987910189982728
0 0.034609375 0.06790155440414507 0.0545947265625 0.12662348877374785
0 0.018662109375 0.3991968911917098 0.03732421875 0.1377547495682211
0 0.5438037109375 0.6341278065630398 0.0002783203125 0.004015544041450778
0 0.380146484375 0.2354922279792746 0.04544921875 0.11174438687392056
0 0.3658203125 0.45727979274611397 0.0519482421875 0.13044041450777202
0 0.144765625 0.18872193436960275 0.05248046875 0.11027633851468048
0 0.30673828125 0.3302849740932643 0.0470068359375 0.12370466321243523