0 0.5665283203125 0.898160621761658 0.049169921875 0.15556131260794473
0 0.5189208984375 0.8937046632124354 0.050927734375 0.15291018998272884
0 0.425849609375 0.8808290155440415 0.04728515625 0.15909326424870465
0 0.21361328125 0.8545336787564767 0.057138671875 0.1591623488773748
0 0.2697216796875 0.8611744386873921 0.051220703125 0.15727979274611398
0 0.375341796875 0.8749309153713298 0.049599609375 0.1574784110535406
0 0.4744482421875 0.8880656303972367 0.044150390625 0.1566321243523316
0 0.1957568359375 0.701105354058722 0.0631103515625 0.1473488773747841
0 0.49705078125 0.7429015544041451 0.0478759765625 0.13674438687392054
0 0.3231591796875 0.868860103626943 0.0536669921875 0.1600777202072539
0 0.3582861328125 0.7203886010362694 0.05423828125 0.1496027633851468
0 0.0361572265625 0.835699481865285 0.0616748046875 0.1677979274611399
0 0.1866748046875 0.5544041450777202 0.05720703125 0.13936096718480137
0 0.5457470703125 0.7512003454231433 0.0532470703125 0.13743523316062176
0 0.452900390625 0.737720207253886 0.0527587890625 0.13983592400690847
0 0.3068701171875 0.7130569948186529 0.0534765625 0.14540587219343695
0 0.3900146484375 0.5892141623488774 0.0530029296875 0.13535405872193437
0 0.479892578125 0.6074179620034542 0.051201171875 0.12934369602763385
0 0.2548779296875 0.707167530224525 0.0565234375 0.1532642487046632
0 0.5262060546875 0.6155699481865285 0.048505859375 0.13098445595854924
0 0.434833984375 0.5960017271157168 0.0492236328125 0.13130397236614855
0 0.167900390625 0.4192141623488774 0.052802734375 0.12986183074265975
0 0.457578125 0.4799050086355786 0.04615234375 0.12234024179620033
0 0.4050537109375 0.7301727115716753 0.050439453125 0.14392055267702936
0 0.3391064453125 0.5759326424870466 0.055986328125 0.13223661485319516
0 0.2904443359375 0.5706476683937823 0.05271484375 0.12887737478411054
0 0.4138037109375 0.4690587219343696 0.0479345703125 0.1267357512953368
0 0.322421875 0.45145941278065627 0.049658203125 0.12521588946459414
0 0.3692724609375 0.45877374784110536 0.049560546875 0.12174438687392054
0 0.21728515625 0.42487046632124353 0.0621044921875 0.12295336787564766
0 0.2039794921875 0.3035405872193437 0.059755859375 0.11247841105354059
0 0.39306640625 0.3424006908462867 0.0545068359375 0.10626943005181347
0 0.421708984375 0.24872193436960274 0.04419921875 0.11157167530224524
0 0.03150390625 0.6754663212435233 0.0603662109375 0.14884283246977548
0 0.3031689453125 0.32703799654576854 0.0562451171875 0.11021588946459412
0 0.3477880859375 0.33182210708117443 0.0549951171875 0.10508635578583765
0 0.336181640625 0.22301381692573402 0.0528271484375 0.11161485319516408
0 0.1911376953125 0.19249568221070812 0.055419921875 0.11021588946459412
0 0.28955078125 0.20758203799654576 0.055205078125 0.11226252158894647
0 0.50171875 0.48678756476683943 0.04796875 0.11724525043177894
0 0.239560546875 0.56073402417962 0.0533544921875 0.13402417962003454
0 0.0838623046875 0.07335060449050086 0.0567626953125 0.12456822107081174
0 0.1558544921875 0.2977374784110535 0.0558154296875 0.11690846286701209
0 0.228271484375 0.09709844559585493 0.0535888671875 0.11064766839378239
0 0.36279296875 0.12888601036269431 0.0509033203125 0.10746113989637306
0 0.2548828125 0.3106649395509499 0.0552978515625 0.1133419689119171
0 0.1447314453125 0.19078583765112264 0.0491162109375 0.1190846286701209
0 0.4052734375 0.13936096718480137 0.05126953125 0.10530224525043178
0 0.4815380859375 0.3695854922279793 0.0418115234375 0.11557858376511226
0 0.32080078125 0.11712435233160622 0.05154296875 0.10842832469775475
0 0.18359375 0.0860880829015544 0.0531005859375 0.11410189982728842
0 0.4636865234375 0.25981001727115716 0.0475634765625 0.1068307426597582
0 0.1337890625 0.07885146804835924 0.0551171875 0.12057858376511225
0 0.275146484375 0.10664939550949913 0.05349609375 0.11005181347150259
0 0.2418212890625 0.19883419689119172 0.0551171875 0.11204663212435233
0 0.44607421875 0.14850604490500863 0.0458935546875 0.0993782383419689
0 0.44197265625 0.3582037996545769 0.0459423828125 0.11446459412780657
0 0.034609375 0.06816925734024179 0.053984375 0.1272711571675302
0 0.38142578125 0.239559585492228 0.0516650390625 0.10880829015544041
0 0.0249560546875 0.5291105354058723 0.049912109375 0.13734887737478413
0 0.274501953125 0.44030224525043177 0.0509521484375 0.1346718480138169
0 0.02142578125 0.39841105354058726 0.0428515625 0.130146804835924