0 0.3180224609375 0.6414594127806562 0.047265625 0.11964594127806565
0 0.268310546875 0.6335319516407599 0.045869140625 0.11864421416234887
0 0.3677294921875 0.6401295336787565 0.0504150390625 0.11451640759930917
0 0.67529296875 0.6558721934369602 0.047607421875 0.11043177892918825
0 0.2184130859375 0.6399481865284974 0.047333984375 0.12285837651122626
0 0.421630859375 0.6418393782383419 0.0447705078125 0.12882556131260794
0 0.2401123046875 0.405440414507772 0.04443359375 0.09855785837651122
0 0.62353515625 0.6532815198618307 0.04876953125 0.11161485319516408
0 0.470458984375 0.6467962003454232 0.048857421875 0.12644214162348877
0 0.2880859375 0.40479274611398963 0.0451953125 0.09747841105354059
0 0.521484375 0.6521243523316061 0.048037109375 0.13077720207253885
0 0.1943359375 0.40716753022452506 0.0453515625 0.09693436960276339
0 0.7255859375 0.6614853195164075 0.04876953125 0.11312607944732297
0 0.57275390625 0.6506390328151986 0.0489501953125 0.12063039723661485
0 0.7734375 0.6575993091537133 0.0472412109375 0.09693436960276339
0 0.5257861328125 0.5341968911917099 0.0467236328125 0.11035405872193438
0 0.3349609375 0.40803108808290156 0.04443359375 0.09892918825561313
0 0.6718994140625 0.5443696027633852 0.0464794921875 0.10660621761658032
0 0.8212890625 0.6610535405872193 0.047333984375 0.09288428324697755
0 0.7763671875 0.7957685664939551 0.0505078125 0.12986183074265975
0 0.57439453125 0.5353454231433505 0.0451953125 0.11144214162348878
0 0.525390625 0.4198359240069085 0.044677734375 0.10829015544041451
0 0.6253515625 0.5391623488773748 0.050234375 0.10805699481865284
0 0.7705078125 0.5524956822107081 0.045595703125 0.1129188255613126
0 0.467041015625 0.7767702936096719 0.0533154296875 0.1410880829015544
0 0.81396484375 0.5583937823834197 0.0484033203125 0.10949913644214163
0 0.3828125 0.40436096718480136 0.0447705078125 0.09137305699481865
0 0.30859375 0.7664162348877375 0.0504150390625 0.1266321243523316
0 0.8536279296875 0.4631260794473229 0.05072265625 0.11077720207253886
0 0.247900390625 0.3176079447322971 0.0443408203125 0.09719343696027634
0 0.34765625 0.22452504317789293 0.04443359375 0.08803108808290155
0 0.393310546875 0.2219343696027634 0.0428759765625 0.08625215889464594
0 0.869140625 0.6632124352331606 0.0462939453125 0.09374784110535406
0 0.7568359375 0.3400259067357513 0.0433642578125 0.08592400690846287
0 0.80859375 0.4509499136442142 0.0443408203125 0.10758203799654577
0 0.29345703125 0.3139810017271157 0.042236328125 0.10038860103626943
0 0.0322900390625 0.3223229706390328 0.045439453125 0.09256476683937824
0 0.1560791015625 0.7628583765112262 0.050966796875 0.13320379965457685
0 0.8388671875 0.2594991364421416 0.042724609375 0.08986183074265976
0 0.66748046875 0.4323229706390328 0.046630859375 0.10660621761658032
0 0.623046875 0.32081174438687393 0.045439453125 0.08338514680483593
0 0.80126953125 0.3515544041450777 0.04568359375 0.10304835924006908
0 0.7138671875 0.33009499136442144 0.044677734375 0.0823056994818653
0 0.97900390625 0.48625215889464596 0.0419921875 0.11431778929188255
0 0.66552734375 0.3268566493955095 0.0428173828125 0.08354922279792747
0 0.10248046875 0.15317789291882555 0.0440966796875 0.09374784110535406
0 0.87841796875 0.8066839378238342 0.0551171875 0.12469775474956822
0 0.020693359375 0.4160189982728843 0.0413818359375 0.09693436960276339
0 0.0635986328125 0.15565630397236616 0.0462939453125 0.09407599309153714
0 0.9734521484375 0.38606217616580313 0.04568359375 0.09909326424870467
0 0.9660791015625 0.2932210708117444 0.0443408203125 0.098713298791019
0 0.8771728515625 0.1913126079447323 0.04158203125 0.0977979274611399
0 0.0475732421875 0.23946459412780657 0.03623046875 0.09152849740932642
0 0.915966796875 0.19948186528497408 0.039599609375 0.09801381692573402
0 0.57421875 0.23035405872193437 0.0433642578125 0.08328151986183074
0 0.7529296875 0.25237478411053543 0.0436083984375 0.09153713298791019
0 0.26904296875 0.13730569948186527 0.040986328125 0.07755613126079447
0 0.529296875 0.22625215889464595 0.0420849609375 0.08436096718480138
0 0.2265185546875 0.14088082901554402 0.0411376953125 0.08212435233160621
0 0.4879052734375 0.2252245250431779 0.0422119140625 0.09466321243523317
0 0.488037109375 0.14183937823834197 0.04046875 0.07798791018998273
0 0.956044921875 0.20706390328151986 0.0437646484375 0.09947322970639033
0 0.79443359375 0.25669257340241797 0.0451953125 0.08803108808290155
0 0.84423828125 0.35677029360967183 0.0453515625 0.10495682210708118
0 0.791015625 0.172279792746114 0.0435205078125 0.08187392055267703
0 0.74951171875 0.16569948186528496 0.04296875 0.07944732297063903
0 0.83447265625 0.17962003454231434 0.0433642578125 0.08657167530224526
0 0.0169677734375 0.24028497409326424 0.033935546875 0.09359240069084629
0 0.57470703125 0.14550949913644215 0.041474609375 0.07755613126079447
0 0.206025390625 0.7659067357512953 0.047685546875 0.1342055267702936
0 0.66455078125 0.24071675302245252 0.0425732421875 0.08263385146804836
0 0.53076171875 0.14389464594127807 0.0403759765625 0.07772020725388601
0 0.6631494140625 0.16001727115716755 0.0391943359375 0.08860967184801381
0 0.70837890625 0.16241796200345424 0.0456640625 0.08649395509499136
0 0.444072265625 0.13761658031088084 0.04048828125 0.07487910189982729
0 0.353193359375 0.13665803108808292 0.0384130859375 0.08333333333333333
0 0.139384765625 0.15127806563039725 0.03658203125 0.0918566493955095
0 0.020205078125 0.1534628670120898 0.0365087890625 0.08239205526770293
0 0.622080078125 0.148713298791019 0.0463671875 0.07715889464594128