0 0.3090673828125 0.7691796200345423 0.049775390625 0.13249568221070812
0 0.5747509765625 0.3302677029360967 0.0459912109375 0.10786701208981002
0 0.412353515625 0.7741796200345423 0.053193359375 0.13860103626943004
0 0.52783203125 0.31649395509499134 0.0451953125 0.09050949913644214
0 0.48046875 0.31519861830742657 0.043701171875 0.08436096718480138
0 0.6669921875 0.32728842832469773 0.04443359375 0.08884283246977547
0 0.623046875 0.7862694300518135 0.053896484375 0.13320379965457685
0 0.2069091796875 0.7620898100172712 0.0567626953125 0.12867012089810018
0 0.71240234375 0.3360535405872193 0.0436083984375 0.09309153713298791
0 0.6201171875 0.33139896373056993 0.045107421875 0.09861830742659758
0 0.388671875 0.3126079447322971 0.04681640625 0.08884283246977547
0 0.57373046875 0.22992227979274613 0.0431201171875 0.0823056994818653
0 0.434326171875 0.31325561312607947 0.0430322265625 0.08328151986183074
0 0.46728515625 0.7759067357512953 0.053193359375 0.13536269430051814
0 0.7578125 0.34431778929188256 0.0437646484375 0.10201208981001726
0 0.57080078125 0.7815198618307426 0.0533154296875 0.1326683937823834
0 0.294697265625 0.31366148531951643 0.04486328125 0.09411053540587219
0 0.5185546875 0.7767702936096719 0.05419921875 0.13396373056994818
0 0.72900390625 0.7944732297063903 0.053984375 0.133419689119171
0 0.75390625 0.24805699481865284 0.043701171875 0.08511226252158895
0 0.36865234375 0.6403281519861831 0.053896484375 0.12662348877374785
0 0.6650390625 0.23855785837651122 0.0430322265625 0.08139032815198619
0 0.6693896484375 0.43869602763385146 0.046904296875 0.11638169257340243
0 0.5730517578125 0.42971502590673577 0.0459619140625 0.10658894645941279
0 0.525390625 0.4201208981001727 0.0471484375 0.09499136442141623
0 0.529296875 0.22797927461139897 0.041474609375 0.0797754749568221
0 0.708984375 0.24481865284974094 0.04296875 0.08371329879101899
0 0.3046875 0.22301381692573402 0.0445849609375 0.08592400690846287
0 0.393798828125 0.22452504317789293 0.0442822265625 0.08052677029360968
0 0.33447265625 0.40803108808290156 0.0469970703125 0.099853195164076
0 0.484619140625 0.22474093264248704 0.0425732421875 0.07885146804835924
0 0.348388671875 0.22452504317789293 0.0450146484375 0.0860880829015544
0 0.622021484375 0.4347150259067357 0.046630859375 0.1050777202072539
0 0.216064453125 0.22215025906735753 0.0431201171875 0.08328151986183074
0 0.287353515625 0.41018998272884283 0.0484912109375 0.10146804835924007
0 0.258544921875 0.22215025906735753 0.0436083984375 0.08575993091537133
0 0.3408203125 0.3078583765112263 0.0436083984375 0.08511226252158895
0 0.249267578125 0.30850604490500866 0.0445849609375 0.08203799654576857
0 0.477294921875 0.41493955094991364 0.04568359375 0.09585492227979274
0 0.270263671875 0.6386010362694301 0.055205078125 0.12662348877374785
0 0.317626953125 0.6403281519861831 0.0542919921875 0.12683937823834196
0 0.8034814453125 0.350587219343696 0.0445849609375 0.09750431778929187
0 0.7783203125 0.8044041450777202 0.056123046875 0.14032815198618306
0 0.61962890625 0.231433506044905 0.042236328125 0.0827979274611399
0 0.420654296875 0.6411917098445595 0.05203125 0.12187392055267703
0 0.2411865234375 0.4113903281519862 0.04681640625 0.10835060449050087
0 0.4384765625 0.22344559585492227 0.043212890625 0.07885146804835924
0 0.2191162109375 0.6377374784110535 0.0552978515625 0.12521588946459414
0 0.525390625 0.5289291882556131 0.048125 0.1022279792746114
0 0.57478515625 0.5384283246977547 0.0474267578125 0.11398963730569948
0 0.2044677734375 0.3078583765112263 0.04568359375 0.08328151986183074
0 0.124755859375 0.635146804835924 0.0523388671875 0.11647668393782383
0 0.4287109375 0.4106217616580311 0.0462939453125 0.09817789291882556
0 0.47705078125 0.5237478411053541 0.0477001953125 0.10055267702936097
0 0.1114501953125 0.7547495682210709 0.0544140625 0.11712435233160622
0 0.7174853515625 0.43719343696027635 0.04708984375 0.10435233160621762
0 0.6240234375 0.6575993091537133 0.0510888671875 0.11841968911917099
0 0.470458984375 0.6437823834196891 0.05099609375 0.11755613126079446
0 0.7255859375 0.6645077720207254 0.0509033203125 0.12230569948186529
0 0.193359375 0.4073834196891192 0.04779296875 0.09817789291882556
0 0.8091650390625 0.45227115716753025 0.0453515625 0.106286701208981
0 0.150146484375 0.40911053540587217 0.0479443359375 0.09671848013816926
0 0.1619873046875 0.31001727115716754 0.0460205078125 0.08738341968911917
0 0.771484375 0.668825561312608 0.0516650390625 0.12101036269430052
0 0.172119140625 0.22301381692573402 0.04296875 0.08592400690846287
0 0.7636279296875 0.4449913644214162 0.0462060546875 0.10417098445595854
0 0.375 0.5211571675302246 0.0499560546875 0.1037392055267703
0 0.52294921875 0.6455094991364422 0.050810546875 0.11367012089810016
0 0.42578125 0.5228842832469776 0.048857421875 0.10530224525043178
0 0.76904296875 0.5523575129533679 0.04638671875 0.10833333333333334
0 0.62451171875 0.5349740932642487 0.0482177734375 0.10146804835924007
0 0.8460986328125 0.3590673575129534 0.0435205078125 0.09702072538860103
0 0.326416015625 0.5237478411053541 0.0504150390625 0.10924006908462867
0 0.72119140625 0.547607944732297 0.0475146484375 0.10919689119170985
0 0.87548828125 0.8061312607944733 0.0557275390625 0.1341796200345423
0 0.67333984375 0.5444905008635579 0.047333984375 0.11278065630397237
0 0.278564453125 0.5198618307426598 0.05099609375 0.10880829015544041
0 0.57421875 0.6493955094991365 0.050322265625 0.1138860103626943
0 0.381591796875 0.40954231433506044 0.04708984375 0.10297927461139897
0 0.183837890625 0.5125215889464594 0.0486767578125 0.09909326424870467
0 0.8541357421875 0.456727115716753 0.04611328125 0.09896373056994819
0 0.79638671875 0.25302245250431776 0.0440087890625 0.08884283246977547
0 0.137939453125 0.5112262521588946 0.0460205078125 0.09547495682210708
0 0.83935546875 0.2594991364421416 0.042724609375 0.09137305699481865
0 0.2314453125 0.5138169257340242 0.0484033203125 0.10114853195164075
0 0.8134765625 0.5609067357512953 0.0509033203125 0.11424870466321245
0 0.6748046875 0.6550086355785838 0.04958984375 0.11291018998272884
0 0.443115234375 0.14130397236614853 0.0409228515625 0.0823056994818653
0 0.1717529296875 0.6321243523316062 0.053408203125 0.11226252158894647
0 0.861328125 0.5658203799654578 0.0471484375 0.11215889464594127
0 0.66259765625 0.1559844559585492 0.04296875 0.0807944732297064
0 0.487548828125 0.14313471502590674 0.040986328125 0.081286701208981
0 0.57470703125 0.14648531951640759 0.041474609375 0.0797754749568221
0 0.310791015625 0.1410880829015544 0.0418408203125 0.08592400690846287
0 0.61865234375 0.15047495682210707 0.0416259765625 0.08004317789291883
0 0.045869140625 0.2338082901554404 0.04638671875 0.09272884283246977
0 0.2685546875 0.1410880829015544 0.040986328125 0.08371329879101899
0 0.53076171875 0.14443005181347152 0.0409228515625 0.0791796200345423
0 0.70654296875 0.15932642487046633 0.04345703125 0.08187392055267703
0 0.361083984375 0.7689982728842832 0.0541064453125 0.13708981001727116
0 0.3994140625 0.1395768566493955 0.0416259765625 0.08155440414507772
0 0.2259521484375 0.14087219343696028 0.041533203125 0.08263385146804836
0 0.02091796875 0.41860967184801384 0.0416259765625 0.1022279792746114
0 0.3544921875 0.13860103626943004 0.0416259765625 0.08338514680483593
0 0.748046875 0.16601899827288427 0.0426318359375 0.08139032815198619
0 0.03271484375 0.32512953367875647 0.04708984375 0.0977979274611399
0 0.18359375 0.14702072538860103 0.04248046875 0.08986183074265976
0 0.1585693359375 0.7521588946459413 0.0516650390625 0.1094559585492228
0 0.791015625 0.17282383419689118 0.0428759765625 0.08354922279792747
0 0.14208984375 0.15349740932642486 0.0455322265625 0.09947322970639033
0 0.259033203125 0.7616580310880829 0.0538037109375 0.12823834196891193
0 0.0219580078125 0.15424006908462867 0.0380615234375 0.0874006908462867
0 0.0593310546875 0.15759067357512954 0.034677734375 0.09411053540587219
0 0.0986083984375 0.15335924006908463 0.039013671875 0.09600172711571675
0 0.6762353515625 0.7884801381692573 0.049736328125 0.1434628670120898
0 0.8285986328125 0.8034801381692573 0.0458740234375 0.13199481865284973
0 0.8339111328125 0.18118307426597582 0.038916015625 0.08949050086355785
0 0.87658203125 0.19372193436960278 0.0402734375 0.09383419689119171
0 0.956767578125 0.2071070811744387 0.0326708984375 0.08951640759930915