0 0.31673828125 0.6381088082901554 0.04740234375 0.12411917098445595
0 0.36802734375 0.6393177892918825 0.0501416015625 0.1187651122625216
0 0.52197265625 0.6500259067357513 0.0499560546875 0.12227115716753023
0 0.6767578125 0.6584628670120898 0.0505078125 0.1118307426597582
0 0.4697802734375 0.6472366148531952 0.0499560546875 0.1245336787564767
0 0.27001953125 0.6368566493955096 0.0462939453125 0.12387737478411052
0 0.19296875 0.41518998272884283 0.044921875 0.1092573402417962
0 0.2184619140625 0.6395250431778929 0.047880859375 0.12671848013816928
0 0.5729296875 0.652245250431779 0.0498681640625 0.11688255613126079
0 0.62353515625 0.655440414507772 0.0492236328125 0.1162607944732297
0 0.419580078125 0.643013816925734 0.0445263671875 0.12374784110535407
0 0.525390625 0.5304663212435233 0.047607421875 0.1118825561312608
0 0.288330078125 0.41346286701208984 0.045439453125 0.11027633851468048
0 0.82080078125 0.6623488773747841 0.049501953125 0.09726252158894645
0 0.2394775390625 0.41729706390328153 0.0442822265625 0.11323834196891192
0 0.3342626953125 0.41686528497409325 0.042646484375 0.11563903281519862
0 0.7734375 0.6584628670120898 0.04876953125 0.10076856649395509
0 0.6732958984375 0.5454317789291883 0.04638671875 0.10955094991364421
0 0.7265625 0.6627806563039723 0.050810546875 0.11712435233160622
0 0.6224462890625 0.541252158894646 0.05072265625 0.10674438687392056
0 0.817333984375 0.5596632124352332 0.0491357421875 0.10295336787564767
0 0.3811767578125 0.41513816925734026 0.041650390625 0.11254749568221072
0 0.5256103515625 0.42525906735751295 0.04443359375 0.11154576856649394
0 0.57421875 0.5395250431778928 0.04611328125 0.11189119170984456
0 0.7695947265625 0.5540932642487046 0.04611328125 0.11064766839378239
0 0.46533203125 0.7772020725388601 0.0538037109375 0.13860103626943004
0 0.87046875 0.6777892918825561 0.046630859375 0.12056131260794474
0 0.249267578125 0.3061312607944732 0.0445849609375 0.08560449050086355
0 0.347412109375 0.22625215889464595 0.0440966796875 0.08884283246977547
0 0.7763671875 0.7970639032815199 0.0517578125 0.1318048359240069
0 0.85009765625 0.4533678756476684 0.050048828125 0.09693436960276339
0 0.393310546875 0.221286701208981 0.0425732421875 0.08495682210708116
0 0.30908203125 0.7733160621761658 0.0521240234375 0.1378497409326425
0 0.75732421875 0.34110535405872194 0.042724609375 0.08754749568221071
0 0.80859375 0.442573402417962 0.044677734375 0.08932642487046633
0 0.294921875 0.30375647668393785 0.04193359375 0.0823056994818653
0 0.1550244140625 0.7667357512953368 0.0521240234375 0.13714162348877376
0 0.66552734375 0.3283678756476684 0.04296875 0.08495682210708116
0 0.623046875 0.3282297063903281 0.0465380859375 0.09118307426597583
0 0.8775439453125 0.806252158894646 0.0498486328125 0.12577720207253887
0 0.7122900390625 0.3396804835924007 0.0440087890625 0.09540587219343696
0 0.9795556640625 0.483160621761658 0.0408935546875 0.11518134715025906
0 0.80078125 0.3441278065630397 0.045595703125 0.08986183074265976
0 0.03142578125 0.3289119170984456 0.041513671875 0.09369602763385147
0 0.962998046875 0.29147668393782383 0.04333984375 0.09310017271157167
0 0.97216796875 0.37823834196891193 0.044677734375 0.09855785837651122
0 0.66748046875 0.43144214162348876 0.0459619140625 0.10802245250431779
0 0.021298828125 0.42187392055267703 0.04046875 0.10114853195164075
0 0.75244140625 0.25302245250431776 0.0436083984375 0.09272884283246977
0 0.0631103515625 0.15544041450777202 0.0451953125 0.09342832469775475
0 0.57421875 0.23229706390328153 0.0430322265625 0.08436096718480138
0 0.2041650390625 0.7681347150259067 0.04908203125 0.1405440414507772
0 0.8388671875 0.26208981001727116 0.0432763671875 0.08754749568221071
0 0.87451171875 0.19139032815198617 0.0450146484375 0.09671848013816926
0 0.0477685546875 0.2409412780656304 0.039052734375 0.0903972366148532
0 0.26953125 0.13730569948186527 0.042236328125 0.07669257340241796
0 0.1002685546875 0.15263385146804836 0.0432763671875 0.09359240069084629
0 0.48423828125 0.22579447322970642 0.0426953125 0.08890328151986183
0 0.488037109375 0.14216753022452505 0.04025390625 0.07858376511226252
0 0.5302734375 0.22862694300518135 0.0423291015625 0.08527633851468049
0 0.9556201171875 0.20796200345423144 0.041787109375 0.09620034542314336
0 0.22607421875 0.13881692573402418 0.0416259765625 0.07728842832469776
0 0.74951171875 0.1668825561312608 0.0425732421875 0.08063903281519862
0 0.8455224609375 0.3583937823834197 0.045107421875 0.09738341968911916
0 0.791015625 0.17314335060449051 0.0435205078125 0.08338514680483593
0 0.91552734375 0.20293609671848015 0.047333984375 0.10244386873920552
0 0.57470703125 0.14550949913644215 0.0410791015625 0.07728842832469776
0 0.53076171875 0.14367875647668393 0.04025390625 0.07783246977547495
0 0.1406005859375 0.15317789291882555 0.037255859375 0.10093264248704663
0 0.83447265625 0.18026770293609673 0.0435205078125 0.08770293609671848
0 0.6645947265625 0.2445336787564767 0.041201171875 0.09255613126079448
0 0.66259765625 0.15436096718480138 0.0425732421875 0.07669257340241796
0 0.7080078125 0.15759930915371329 0.042724609375 0.07642487046632124
0 0.443359375 0.13590673575129533 0.0399462890625 0.07221934369602763
0 0.353759765625 0.13655440414507772 0.038759765625 0.07626079447322971
0 0.023330078125 0.15263385146804836 0.0391845703125 0.08020725388601035
0 0.015966796875 0.24028497409326424 0.0319287109375 0.09288428324697755
0 0.7939453125 0.2560449050086356 0.0447705078125 0.08721934369602763
0 0.6189306640625 0.1499481865284974 0.042548828125 0.08572538860103626