0 0.2926318359375 0.5737046632124353 0.0497607421875 0.1422279792746114
0 0.4495556640625 0.15500863557858377 0.043642578125 0.10620898100172711
0 0.362548828125 0.12921416234887736 0.05099609375 0.10746113989637306
0 0.4081201171875 0.13893782383419687 0.0449169921875 0.09844559585492228
0 0.306083984375 0.7120293609671848 0.0561474609375 0.14227115716753022
0 0.274658203125 0.1070293609671848 0.0533154296875 0.10983592400690846
0 0.32080078125 0.1177720207253886 0.0518505859375 0.10842832469775475
0 0.4543701171875 0.7375906735751295 0.049072265625 0.1379015544041451
0 0.1827392578125 0.08754749568221071 0.05349609375 0.11496545768566493
0 0.407294921875 0.7306563039723661 0.0516455078125 0.14867875647668394
0 0.2286376953125 0.09801381692573402 0.0533154296875 0.11161485319516408
0 0.1336669921875 0.08004317789291883 0.0548095703125 0.11949913644214162
0 0.423359375 0.24577720207253886 0.046376953125 0.11004317789291883
0 0.48203125 0.36744386873920554 0.0504150390625 0.11265112262521589
0 0.25439453125 0.3134715025906736 0.0569775390625 0.11410189982728842
0 0.338544921875 0.22827288428324696 0.0523388671875 0.1118307426597582
0 0.5030615234375 0.48641623488773744 0.04580078125 0.1170552677029361
0 0.4587841796875 0.47808290155440414 0.0437548828125 0.11699481865284973
0 0.4158251953125 0.47089810017271155 0.0492041015625 0.1264594127806563
0 0.246083984375 0.20521588946459413 0.0528271484375 0.11355785837651122
0 0.15673828125 0.29382556131260795 0.05490234375 0.11005181347150259
0 0.2049560546875 0.30526770293609673 0.0577099609375 0.11086355785837651
0 0.462724609375 0.25781519861830743 0.0451025390625 0.1045509499136442
0 0.54279296875 0.7519257340241796 0.0458349609375 0.13715889464594128
0 0.4974658203125 0.743782383419689 0.04712890625 0.14043177892918826
0 0.14697265625 0.18091537132987912 0.05203125 0.11474956822107081
0 0.304931640625 0.3238341968911917 0.0560302734375 0.11005181347150259
0 0.0355517578125 0.0666580310880829 0.053984375 0.1270552677029361
0 0.5240966796875 0.6132383419689119 0.0462060546875 0.13041450777202074
0 0.3698681640625 0.45494818652849744 0.048515625 0.12070811744386874
0 0.0831298828125 0.07388601036269431 0.0569775390625 0.12435233160621761
0 0.1867431640625 0.555112262521589 0.0530908203125 0.1377029360967185
0 0.338876953125 0.5791968911917099 0.057373046875 0.13907599309153715
0 0.029443359375 0.6762348877374784 0.0541748046875 0.1492314335060449
0 0.357783203125 0.7251468048359241 0.0488916015625 0.14848877374784109
0 0.0241015625 0.5320207253886011 0.0482080078125 0.13712435233160622
0 0.439833984375 0.3611744386873921 0.0414453125 0.11081174438687391
0 0.2120361328125 0.8570811744386874 0.066103515625 0.16807426597582037
0 0.4730029296875 0.8831433506044905 0.0483935546875 0.15727115716753023
0 0.2538720703125 0.7064507772020726 0.053720703125 0.1425993091537133
0 0.0382763671875 0.8343091537132988 0.0570263671875 0.16601899827288427
0 0.2679833984375 0.8558894645941278 0.053544921875 0.1642746113989637
0 0.3225634765625 0.8653454231433506 0.0513720703125 0.1659153713298791
0 0.374013671875 0.8722107081174438 0.0527197265625 0.15548359240069085
0 0.425732421875 0.8805008635578584 0.04873046875 0.1616839378238342
0 0.5177783203125 0.8913039723661487 0.0472802734375 0.1556735751295337
0 0.562490234375 0.8956476683937824 0.0488134765625 0.15398963730569948
0 0.1981689453125 0.697754749568221 0.060400390625 0.15199481865284972
0 0.29125 0.2163039723661485 0.0425244140625 0.11847150259067357
0 0.197744140625 0.195699481865285 0.04775390625 0.10971502590673575
0 0.384541015625 0.23933506044905006 0.04494140625 0.12088946459412782
0 0.3234765625 0.4462003454231434 0.0473486328125 0.129006908462867
0 0.2733447265625 0.4392055267702936 0.0525537109375 0.1322970639032815
0 0.22205078125 0.42867875647668396 0.0554296875 0.13542314335060449
0 0.168603515625 0.4183937823834197 0.0579052734375 0.13557858376511225
0 0.3966943359375 0.34977547495682215 0.0453369140625 0.11924870466321244
0 0.352255859375 0.3382124352331606 0.04435546875 0.12029360967184802
0 0.2414599609375 0.5627029360967185 0.053232421875 0.13748704663212435
0 0.3895166015625 0.5879360967184801 0.0466064453125 0.1396027633851468
0 0.435126953125 0.5958549222797928 0.0499365234375 0.13816062176165803
0 0.480625 0.6050949913644215 0.0432861328125 0.13246113989637304