0 0.4471533203125 0.15093264248704663 0.040224609375 0.0986614853195164
0 0.4063330078125 0.14180483592400692 0.04513671875 0.09999136442141623
0 0.3643798828125 0.12938687392055268 0.042138671875 0.10120898100172712
0 0.3238330078125 0.12258203799654575 0.036357421875 0.10547495682210709
0 0.13671875 0.08012089810017271 0.0486767578125 0.10842832469775475
0 0.4237109375 0.2492573402417962 0.039111328125 0.10829015544041451
0 0.035830078125 0.0653972366148532 0.0527734375 0.11612262521588947
0 0.49697265625 0.7396027633851469 0.042158203125 0.12890328151986183
0 0.4553173828125 0.7383592400690846 0.0360546875 0.13373056994818655
0 0.3458203125 0.23154576856649395 0.0370361328125 0.10947322970639033
0 0.3233544921875 0.44999136442141624 0.04234375 0.12619170984455957
0 0.1992333984375 0.6952072538860103 0.0557861328125 0.14731433506044905
0 0.5211865234375 0.8895423143350604 0.0390673828125 0.14444732297063903
0 0.039482421875 0.831986183074266 0.0551513671875 0.15956822107081176
0 0.0237841796875 0.531804835924007 0.0475732421875 0.13787564766839377
0 0.017724609375 0.40082037996545766 0.0334912109375 0.13151986183074266