0 0.0349853515625 0.06550949913644215 0.0484033203125 0.11360103626943006
0 0.3633447265625 0.13062176165803108 0.0416162109375 0.10692573402417961
0 0.5216015625 0.8924525043177893 0.04125 0.15451640759930915
0 0.44884765625 0.14832469775474957 0.044716796875 0.09187392055267703
0 0.404052734375 0.13633851468048358 0.0462939453125 0.09585492227979274
0 0.32421875 0.11161485319516408 0.0403759765625 0.09499136442141623
0 0.200751953125 0.6955008635578583 0.0494482421875 0.14307426597582037
0 0.0385302734375 0.8317184801381693 0.053837890625 0.15220207253886012
0 0.3443896484375 0.2254231433506045 0.0379052734375 0.09823834196891192
0 0.45423828125 0.7373575129533679 0.042685546875 0.13867875647668393
0 0.32806640625 0.4520207253886011 0.0408349609375 0.12979274611398964
0 0.498369140625 0.7301381692573402 0.04416015625 0.1175474956822107
0 0.4253662109375 0.23129533678756475 0.0401123046875 0.08762521588946459
0 0.1354931640625 0.07837651122625217 0.0439013671875 0.10698618307426598
0 0.02353515625 0.530846286701209 0.0470751953125 0.13605354058721936
0 0.01865234375 0.39863557858376514 0.0373095703125 0.1229447322970639