0 0.3238330078125 0.4565457685664939 0.0418896484375 0.13528497409326423
0 0.0415625 0.8318048359240069 0.0573828125 0.16479274611398964
0 0.406572265625 0.14341105354058722 0.0397412109375 0.10016407599309153
0 0.3636376953125 0.12951640759930916 0.040849609375 0.09867875647668393
0 0.444580078125 0.1473488773747841 0.047880859375 0.1001727115716753
0 0.32142578125 0.11719343696027634 0.03763671875 0.10064766839378238
0 0.137412109375 0.078860103626943 0.0479443359375 0.10605354058721934
0 0.202587890625 0.695552677029361 0.0534521484375 0.15215889464594126
0 0.4997216796875 0.7455699481865286 0.046884765625 0.13734887737478413
0 0.424296875 0.24815198618307427 0.03849609375 0.10574265975820381
0 0.03412109375 0.06482728842832469 0.0493017578125 0.11204663212435233
0 0.5193359375 0.8959758203799654 0.0512255859375 0.1586873920552677
0 0.457978515625 0.7411485319516408 0.04263671875 0.13824697754749568
0 0.3435498046875 0.2324525043177893 0.0367431640625 0.10784974093264249
0 0.025146484375 0.5116580310880829 0.05029296875 0.11518134715025906
0 0.0188330078125 0.40071675302245247 0.0376708984375 0.1278497409326425