0 0.564609375 0.8956563039723662 0.0432763671875 0.14364421416234888
0 0.210693359375 0.8553195164075993 0.0559326171875 0.16310880829015545
0 0.374970703125 0.8713903281519862 0.0567626953125 0.1565371329879102
0 0.425703125 0.8773834196891191 0.0512841796875 0.15060449050086355
0 0.3203857421875 0.8643436960276338 0.0505810546875 0.15714162348877375
0 0.542861328125 0.7522193436960277 0.04728515625 0.13772884283246978
0 0.518974609375 0.8905267702936097 0.049794921875 0.14533678756476684
0 0.446953125 0.15588082901554404 0.0423486328125 0.10450777202072538
0 0.4065234375 0.14386010362694301 0.041982421875 0.10455958549222798
0 0.36279296875 0.12888601036269431 0.05126953125 0.10821243523316063
0 0.472890625 0.8842487046632125 0.049453125 0.14854058721934368
0 0.2702880859375 0.8581865284974093 0.0546630859375 0.1535146804835924
0 0.321044921875 0.1177720207253886 0.051943359375 0.10924006908462867
0 0.4983642578125 0.7452245250431779 0.0507861328125 0.13761658031088084
0 0.27392578125 0.10626943005181347 0.053193359375 0.10983592400690846
0 0.453505859375 0.7408376511226252 0.0492724609375 0.14512089810017273
0 0.49974609375 0.48891191709844556 0.0482861328125 0.12776338514680483
0 0.1829833984375 0.08738341968911917 0.0542919921875 0.11647668393782383
0 0.1862109375 0.5549222797927461 0.0562451171875 0.13961139896373057
0 0.4122802734375 0.4721070811744387 0.0483203125 0.1259412780656304
0 0.173388671875 0.42979274611398965 0.0527978515625 0.1279965457685665
0 0.3896533203125 0.5889205526770294 0.048955078125 0.1322538860103627
0 0.1326904296875 0.07874784110535406 0.0552978515625 0.11949913644214162
0 0.36955078125 0.45738341968911916 0.0468017578125 0.1300777202072539
0 0.228515625 0.09726252158894645 0.0541064453125 0.11226252158894647
0 0.3199853515625 0.45100172711571673 0.0498779296875 0.12702072538860104
0 0.4607470703125 0.259965457685665 0.046162109375 0.10828151986183074
0 0.3935546875 0.34196891191709844 0.0552978515625 0.10842832469775475
0 0.4197705078125 0.2462607944732297 0.043056640625 0.11405008635578583
0 0.0303759765625 0.67360103626943 0.0596630859375 0.1496545768566494
0 0.350341796875 0.3335492227979275 0.0555126953125 0.10902417962003454
0 0.155888671875 0.29987046632124353 0.0473779296875 0.12788428324697754
0 0.252685546875 0.3126079447322971 0.0580126953125 0.1162607944732297
0 0.2060546875 0.30483592400690845 0.0579248046875 0.1115112262521589
0 0.4802880859375 0.3689550949913644 0.0432666015625 0.1131692573402418
0 0.2709765625 0.4403972366148532 0.0509326171875 0.13474093264248704
0 0.335693359375 0.221286701208981 0.0526123046875 0.1118307426597582
0 0.5294189453125 0.6160189982728843 0.0474951171875 0.12281519861830742
0 0.437431640625 0.3592141623488774 0.045712890625 0.11569948186528496
0 0.194794921875 0.1950259067357513 0.048798828125 0.11455958549222797
0 0.30517578125 0.3238341968911917 0.056640625 0.11355785837651122
0 0.377685546875 0.231433506044905 0.05099609375 0.10842832469775475
0 0.1462841796875 0.19050949913644216 0.0504443359375 0.12119170984455958
0 0.2421875 0.19710708117443868 0.0542919921875 0.10983592400690846
0 0.289794921875 0.21006044905008636 0.0516650390625 0.10589810017271156
0 0.03955078125 0.8367875647668394 0.066591796875 0.16364421416234887
0 0.0256494140625 0.5307772020725389 0.051298828125 0.1420811744386874
0 0.0836181640625 0.07431778929188256 0.0571923828125 0.12564766839378239
0 0.035341796875 0.06843696027633851 0.053896484375 0.1270552677029361
0 0.2218359375 0.4298877374784111 0.0530419921875 0.13439550949913645
0 0.4561962890625 0.4779447322970639 0.0452001953125 0.12686528497409327
0 0.2400439453125 0.5643955094991365 0.0503955078125 0.13398100172711572
0 0.198740234375 0.6976856649395509 0.0576318359375 0.1483937823834197
0 0.253583984375 0.7043782383419689 0.0540478515625 0.14796200345423144
0 0.2904736328125 0.5708376511226252 0.047744140625 0.1364853195164076
0 0.3405810546875 0.5810708117443869 0.046396484375 0.13753886010362695
0 0.304541015625 0.7096632124352331 0.05244140625 0.15161485319516407
0 0.3560107421875 0.7198186528497409 0.0518603515625 0.14429188255613126
0 0.4064306640625 0.7262607944732297 0.047236328125 0.1433678756476684
0 0.4342578125 0.5986096718480138 0.0462451171875 0.1402245250431779
0 0.480244140625 0.602426597582038 0.0503369140625 0.13750431778929187